6.776008509552472470e-02 4.007582415668021980e+01
1.618250884833603576e-01 2.356810097845401941e+01
2.558900918711959904e-01 1.686255182919797946e+01
3.499550952590316233e-01 9.855162835483087136e+00
4.440200986468672562e-01 6.783260650688882620e+00
5.380851020347028335e-01 4.498311691932539880e+00
6.321501054225384664e-01 3.642496751342715111e+00
7.262151088103740992e-01 2.102695392032300159e+00
8.202801121982097321e-01 1.612360998353837394e+00
9.143451155860453650e-01 1.429207258140933412e+00
1.008410118973880998e+00 1.199176523794648563e+00
1.102475122361716853e+00 9.231221012624608591e-01
1.196540125749552264e+00 6.304140402645113106e-01
1.290605129137388118e+00 5.309227379399097391e-01
1.384670132525223529e+00 4.453594851608084215e-01
1.478735135913059384e+00 3.012581857218576964e-01
1.572800139300894795e+00 2.885038791286138604e-01
1.666865142688730650e+00 2.963875156364562113e-01
