9.291999012731737284e-02 1.700582595003003306e+01
2.088537476449259245e-01 9.500727360112449560e+00
3.247875051625345177e-01 6.223902095771661536e+00
4.407212626801430000e-01 4.086334992582323800e+00
5.566550201977515933e-01 4.267161912270061030e+00
6.725887777153600755e-01 2.537570950982503959e+00
7.885225352329686688e-01 1.681047267112794730e+00
9.044562927505772620e-01 1.556697121784094806e+00
1.020390050268185744e+00 1.352720112821746312e+00
1.136323807785794227e+00 1.139137058942454095e+00
1.252257565303402931e+00 9.249090472338210578e-01
1.368191322821011413e+00 7.084756606852948835e-01
1.484125080338619895e+00 5.316000998135386180e-01
1.600058837856228600e+00 4.573882305441738239e-01
1.715992595373837082e+00 4.152928284447298113e-01
