5.002668075778442247e-02 2.511875543187617765e+01
1.266489638841309107e-01 1.576186666489791577e+01
2.032712470104774127e-01 1.198373798385783218e+01
2.798935301368239426e-01 9.914970465298308611e+00
3.565158132631703891e-01 7.696377183350187501e+00
4.331380963895169467e-01 6.845507025682127988e+00
5.097603795158633933e-01 4.464730726334242839e+00
5.863826626422099508e-01 4.350586286212950959e+00
6.630049457685565084e-01 3.324471101484765878e+00
7.396272288949030660e-01 2.882390952939748452e+00
8.162495120212494015e-01 2.066447519506593888e+00
8.928717951475959591e-01 1.708364751409006344e+00
9.694940782739425167e-01 1.582327861511167555e+00
1.046116361400288852e+00 1.313361078969691231e+00
1.122738644526635188e+00 9.932772451366496114e-01
1.199360927652981967e+00 9.888426940391604747e-01
1.275983210779328303e+00 6.737209596839295322e-01
1.352605493905675083e+00 5.694574346414208454e-01
1.429227777032021418e+00 5.394759974478752218e-01
1.505850060158367754e+00 4.285494328075756809e-01
1.582472343284714533e+00 3.180507144911525752e-01
1.659094626411060869e+00 2.784378557454499914e-01
1.735716909537407204e+00 2.061815134113867687e-01
