1.665566073549551995e-01 2.328410591671417862e+01
3.290821433467533974e-01 1.097310396414615141e+01
4.916076793385515953e-01 4.723084709522357372e+00
6.541332153303498487e-01 3.735357327367619718e+00
8.166587513221479355e-01 1.857328414411043349e+00
9.791842873139462444e-01 8.516401011461409709e-01
1.141709823305744553e+00 7.428871570637712862e-01
1.304235359297542640e+00 6.228903295627741254e-01
1.466760895289340727e+00 3.659550086983190398e-01
1.629286431281138814e+00 2.966440289895829752e-01
