1.633500978462011921e-01 1.913017517704058079e+01
3.312270609243027075e-01 9.086239682828740172e+00
4.991040240024042229e-01 5.399030224619310481e+00
6.669809870805056828e-01 2.483758862288677260e+00
8.348579501586073093e-01 1.720675867188756758e+00
1.002734913236708714e+00 1.132757093159497686e+00
1.170611876314810118e+00 8.091956355294385173e-01
1.338488839392911744e+00 6.019912165001071180e-01
1.506365802471013149e+00 5.976722391426366743e-01
1.674242765549114775e+00 3.079484446878444914e-01
