5.086666858290955773e-02 4.283714150508733098e+01
1.113467579143702368e-01 4.805277259001264412e+01
1.718268472458309160e-01 3.768519384884245227e+01
2.323069365772916228e-01 2.678213862400000878e+01
2.927870259087522742e-01 1.921377941554085922e+01
3.532671152402130366e-01 1.222236589337235557e+01
4.137472045716736879e-01 1.002628756888502615e+01
4.742272939031343393e-01 7.299753997002139450e+00
5.347073832345949906e-01 5.743471020529486992e+00
5.951874725660557530e-01 4.278517197084689805e+00
6.556675618975162934e-01 3.069565314367185938e+00
7.161476512289770557e-01 2.502628622822537618e+00
7.766277405604378181e-01 2.068118836532452764e+00
8.371078298918983585e-01 1.642267729655862984e+00
8.975879192233591208e-01 1.196032739678473567e+00
9.580680085548198832e-01 1.036679098348120887e+00
1.018548097886280424e+00 9.347275170352282725e-01
1.079028187217741408e+00 8.303121215461513049e-01
1.139508276549201948e+00 6.351794002407663564e-01
1.199988365880662489e+00 5.203269866804067778e-01
1.260468455212123473e+00 4.620932887395529098e-01
1.320948544543584013e+00 3.636154243626698035e-01
1.381428633875044554e+00 3.150630476679598391e-01
1.441908723206505538e+00 2.339684698260237894e-01
1.502388812537966079e+00 2.208672286714694066e-01
1.562868901869426619e+00 2.016317760849909158e-01
1.623348991200887603e+00 1.823029794720951724e-01
1.683829080532348144e+00 1.406701324777002993e-01
