5.678707167127712563e-02 5.340642041699707931e+01
1.210059996940361232e-01 4.146832129514467624e+01
1.852249277167951069e-01 3.236098059853236464e+01
2.494438557395541323e-01 2.326462866796620332e+01
3.136627837623131021e-01 1.605812236447490449e+01
3.778817117850721274e-01 1.072858211390357575e+01
4.421006398078310973e-01 7.956043050065697564e+00
5.063195678305900671e-01 6.046838157651582613e+00
5.705384958533490369e-01 4.619464043271546139e+00
6.347574238761080068e-01 3.383485862641304909e+00
6.989763518988670876e-01 2.796392439929155760e+00
7.631952799216261685e-01 2.175246290512567349e+00
8.274142079443851383e-01 1.826659368588725352e+00
8.916331359671441081e-01 1.489774260609355361e+00
9.558520639899030780e-01 1.284303035395911508e+00
1.020070992012662048e+00 1.058746428505049186e+00
1.084289920035421018e+00 8.032146215116682253e-01
1.148508848058179987e+00 6.635913377809167235e-01
1.212727776080938957e+00 6.139639953010336271e-01
1.276946704103697927e+00 5.639368049512043513e-01
1.341165632126457119e+00 4.175845051149976728e-01
1.405384560149216089e+00 3.341606114738968625e-01
1.469603488171975059e+00 3.541877950763852589e-01
1.533822416194734028e+00 2.758528892754232853e-01
1.598041344217492998e+00 2.649444911293240001e-01
1.662260272240251968e+00 2.378746520409130427e-01
1.726479200263010938e+00 1.982733184548136629e-01
