6.894856806647736702e-02 4.219988788218312692e+01
1.602793669800501586e-01 2.261249635389041757e+01
2.516101658936229502e-01 1.369139766495946198e+01
3.429409648071957695e-01 7.774836151203487589e+00
4.342717637207685333e-01 6.271045527254314855e+00
5.256025626343413526e-01 4.308463755039888987e+00
6.169333615479141164e-01 3.227184436595913919e+00
7.082641604614868802e-01 2.437260009304992536e+00
7.995949593750596440e-01 1.922563653376096360e+00
8.909257582886324078e-01 1.666264568771600896e+00
9.822565572022052827e-01 1.390332415714671255e+00
1.073587356115778046e+00 1.266364693532733954e+00
1.164918155029351032e+00 9.429345256113187412e-01
1.256248953942923796e+00 7.203373991548990274e-01
1.347579752856496560e+00 5.268331643662556019e-01
1.438910551770069324e+00 4.560975703299181561e-01
1.530241350683642088e+00 3.847217862352197426e-01
1.621572149597214851e+00 3.284392116141117701e-01
1.712902948510787615e+00 3.240041587237311727e-01
