7.010914359738240620e-02 1.899935302417043559e+01
1.564901584163440329e-01 1.626494090675198478e+01
2.428711732353056318e-01 1.391140024037528455e+01
3.292521880542672585e-01 1.089763128174305429e+01
4.156332028732289130e-01 7.674140299807622689e+00
5.020142176921904564e-01 6.589040548746598169e+00
5.883952325111521109e-01 4.531982941542170629e+00
6.747762473301137653e-01 2.999522806827306542e+00
7.611572621490754198e-01 2.347362597451585042e+00
8.475382769680370743e-01 1.971120675155120239e+00
9.339192917869987287e-01 1.573971738199848591e+00
1.020300306605960383e+00 1.093137041315028979e+00
1.106681321424921816e+00 8.080282386478517820e-01
1.193062336243883692e+00 8.604415877293578596e-01
1.279443351062845124e+00 5.932868820314972647e-01
1.365824365881807001e+00 5.073750825824462352e-01
1.452205380700768433e+00 3.256199581441442947e-01
1.538586395519730310e+00 3.188409878560926614e-01
1.624967410338691742e+00 2.928805939443728801e-01
1.711348425157653619e+00 2.535037118829642777e-01
