7.729988231693374345e-02 3.592646958512428057e+01
1.908248354693382609e-01 2.944754690619139836e+01
3.043497886217427784e-01 1.185051865712856944e+01
4.178747417741472403e-01 7.170349138778288278e+00
5.313996949265517022e-01 3.963224229490492689e+00
6.449246480789562197e-01 2.989902730457703495e+00
7.584496012313607372e-01 2.332386759082228700e+00
8.719745543837652546e-01 1.466903561313951609e+00
9.854995075361696610e-01 1.075292996423435010e+00
1.099024460688574178e+00 7.842344247046010297e-01
1.212549413840978696e+00 7.017377887376743395e-01
1.326074366993383213e+00 5.129884997893461307e-01
1.439599320145787731e+00 4.259164302602218011e-01
1.553124273298192248e+00 3.336642720113491278e-01
1.666649226450596766e+00 3.201533323103636364e-01
