1.677783279124043792e-01 1.231615673267513422e+01
2.946777844887005227e-01 8.238484377369479361e+00
4.215772410649967217e-01 5.215857027319352746e+00
5.484766976412929207e-01 4.035458073105785637e+00
6.753761542175891197e-01 2.580408699616813628e+00
8.022756107938853187e-01 2.333031812500381275e+00
9.291750673701814067e-01 1.335164509154049384e+00
1.056074523946477495e+00 1.452155150516307280e+00
1.182973980522773694e+00 8.149489588346128244e-01
1.309873437099069893e+00 5.892651692198282998e-01
1.436772893675366092e+00 5.275154504044716752e-01
1.563672350251662291e+00 4.560190921887687932e-01
1.690571806827958268e+00 3.946958133703135085e-01
