8.097297109082678135e-02 3.360251844069819782e+01
1.888504645020429029e-01 2.013534817988810133e+01
2.967279579132590661e-01 1.286385009488164499e+01
4.046054513244752293e-01 6.783067758275071135e+00
5.124829447356913370e-01 5.356661619911046834e+00
6.203604381469074447e-01 2.895166758508413984e+00
7.282379315581236634e-01 2.565188925526039831e+00
8.361154249693397711e-01 1.615656487696257360e+00
9.439929183805558788e-01 1.181242540330288859e+00
1.051870411791771875e+00 1.008671668435201507e+00
1.159747905202987983e+00 8.455367078331919028e-01
1.267625398614204091e+00 7.121990357757358447e-01
1.375502892025420421e+00 4.416305073059709763e-01
1.483380385436636528e+00 4.499666793588366631e-01
1.591257878847852636e+00 4.409682886970395232e-01
1.699135372259068744e+00 3.381198365419885721e-01
