5.195924376610779050e-02 1.986663045077141376e+01
1.213757556442099927e-01 1.276890826768381260e+01
1.907922675223122089e-01 1.407775404242013728e+01
2.602087794004144250e-01 1.036182759197557601e+01
3.296252912785166966e-01 8.423225840037552814e+00
3.990418031566188573e-01 6.508651913556464663e+00
4.684583150347210734e-01 5.350091195209620842e+00
5.378748269128232895e-01 4.678733330736315921e+00
6.072913387909255611e-01 3.132788057082447786e+00
6.767078506690278328e-01 2.523566219187248993e+00
7.461243625471298824e-01 2.101301808115237257e+00
8.155408744252321540e-01 1.860014898559590568e+00
8.849573863033344256e-01 1.644137869586018708e+00
9.543738981814366973e-01 1.379956998563292681e+00
1.023790410059538747e+00 1.183213194038216232e+00
1.093206921937640796e+00 1.065880444810825667e+00
1.162623433815743290e+00 9.362224119805586664e-01
1.232039945693845340e+00 7.433414259924046030e-01
1.301456457571947611e+00 6.628723157773572794e-01
1.370872969450049883e+00 5.706361784708521290e-01
1.440289481328151933e+00 4.670250799255624696e-01
1.509705993206254204e+00 4.778989512556090502e-01
1.579122505084356476e+00 4.514110849323141883e-01
1.648539016962458525e+00 4.142010253239318263e-01
1.717955528840561019e+00 4.079747435364149966e-01
