9.037873226836767859e-02 1.847794015619837182e+01
2.054401531782806267e-01 1.615268154509437082e+01
3.205015740881935749e-01 1.058806679888945013e+01
4.355629949981064675e-01 6.658795433574412392e+00
5.506244159080193601e-01 4.011470362593444250e+00
6.656858368179323637e-01 2.683451927990808894e+00
7.807472577278452563e-01 1.928739471410973572e+00
8.958086786377581490e-01 1.465725443962271779e+00
1.010870099547671153e+00 1.081603893118690651e+00
1.125931520457584156e+00 1.007041040747432392e+00
1.240992941367497160e+00 7.271866666299053872e-01
1.356054362277410164e+00 6.362459761751412257e-01
1.471115783187322945e+00 4.582427836191664272e-01
1.586177204097235949e+00 4.395757993190733126e-01
1.701238625007148730e+00 3.377695241079070598e-01
