3.432799845693652874e-02 6.175305021647559300e+01
8.779021371460127288e-02 5.593872090543356279e+01
1.412524289722660309e-01 4.689099847230080798e+01
1.947146442299307889e-01 3.106524828439199837e+01
2.481768594875955469e-01 2.078893091046515096e+01
3.016390747452603049e-01 1.548232043358630250e+01
3.551012900029250074e-01 1.120184236332853800e+01
4.085635052605898210e-01 7.782248842542981215e+00
4.620257205182545235e-01 6.628720161999252625e+00
5.154879357759192260e-01 4.907137247071258201e+00
5.689501510335839285e-01 3.920010434250054132e+00
6.224123662912487420e-01 3.115752775043718614e+00
6.758745815489135556e-01 2.670361637835726665e+00
7.293367968065782581e-01 2.009699484680437465e+00
7.827990120642429606e-01 1.767683438653862016e+00
8.362612273219077741e-01 1.595354705936312234e+00
8.897234425795724766e-01 1.372026790755860093e+00
9.431856578372372901e-01 1.182880233450972929e+00
9.966478730949019926e-01 9.088766502264015168e-01
1.050110088352566695e+00 8.801112429455685282e-01
1.103572303610231398e+00 7.251041775596898109e-01
1.157034518867896322e+00 6.849455528963119821e-01
1.210496734125561025e+00 5.651358470534818546e-01
1.263958949383225727e+00 5.501358558667878151e-01
1.317421164640890430e+00 4.950180231179013846e-01
1.370883379898555354e+00 4.489083773508162900e-01
1.424345595156220057e+00 3.845528019934625896e-01
1.477807810413884759e+00 3.481914275661722735e-01
1.531270025671549462e+00 3.555923358533507606e-01
1.584732240929214164e+00 3.067271754573213660e-01
1.638194456186879089e+00 2.959726188296402660e-01
1.691656671444543791e+00 2.489679069567579950e-01
