5.028427824980415128e-02 4.112407734906391710e+01
1.214994275436613175e-01 5.046647763491330352e+01
1.927145768375184698e-01 3.895715576385739354e+01
2.639297261313756637e-01 2.577818417730405542e+01
3.351448754252328022e-01 1.525469949004618897e+01
4.063600247190899406e-01 9.844280386622942913e+00
4.775751740129471345e-01 7.162632961390063002e+00
5.487903233068043285e-01 5.495714755042610200e+00
6.200054726006614114e-01 3.640250707000824537e+00
6.912206218945187164e-01 2.697390166108256881e+00
7.624357711883757993e-01 1.895497227224651304e+00
8.336509204822328822e-01 1.465996829300302062e+00
9.048660697760901872e-01 1.210574462329008449e+00
9.760812190699472701e-01 8.731018599211775033e-01
1.047296368363804575e+00 6.604774200736917011e-01
1.118511517657661880e+00 6.206383457676898363e-01
1.189726666951518741e+00 5.485827741330956409e-01
1.260941816245376046e+00 4.273352778893608206e-01
1.332156965539233351e+00 3.750638509824255062e-01
1.403372114833090434e+00 3.379718672338582475e-01
1.474587264126947517e+00 2.853946742459591013e-01
1.545802413420804822e+00 2.640613345806694379e-01
1.617017562714661905e+00 2.161255614083566756e-01
1.688232712008518988e+00 1.654352630678029012e-01
