4.225849304079561108e-02 4.072845011749094368e+01
9.835322662437244456e-02 3.724445539209473566e+01
1.544479602079492642e-01 2.917900627660406698e+01
2.105426937915261254e-01 2.156315411817769601e+01
2.666374273751029311e-01 1.659872765272205086e+01
3.227321609586797369e-01 1.206950265058314464e+01
3.788268945422565981e-01 9.071703785196747916e+00
4.349216281258334038e-01 7.093734274882536717e+00
4.910163617094103206e-01 6.044715811439192343e+00
5.471110952929871818e-01 4.743218067288381690e+00
6.032058288765640430e-01 3.665249756457127361e+00
6.593005624601407932e-01 2.880156414640040463e+00
7.153952960437176545e-01 2.253901164813547631e+00
7.714900296272944047e-01 1.953476838560535667e+00
8.275847632108712659e-01 1.600338712312713962e+00
8.836794967944481272e-01 1.378439818413229379e+00
9.397742303780249884e-01 1.198241236691544476e+00
9.958689639616018496e-01 1.134356399492088441e+00
1.051963697545178711e+00 9.851204101024089166e-01
1.108058431128755572e+00 8.595200265831193231e-01
1.164153164712332433e+00 7.842934333043689588e-01
1.220247898295909073e+00 7.046903291326382934e-01
1.276342631879485934e+00 6.497043863069738023e-01
1.332437365463062795e+00 5.696825494434741843e-01
1.388532099046639656e+00 5.057139001779854537e-01
1.444626832630216517e+00 4.345103169374124330e-01
1.500721566213793379e+00 3.985985598256948093e-01
1.556816299797370018e+00 3.891647434634072367e-01
1.612911033380946879e+00 3.410013475179183295e-01
1.669005766964523740e+00 3.173780062451443396e-01
1.725100500548100602e+00 2.833169461375371068e-01
