1.532784497503048293e-01 2.200080544892401946e+01
3.179273008398354472e-01 9.138320150889807536e+00
4.825761519293660373e-01 6.104370528344420066e+00
6.472250030188966274e-01 2.152516608059581671e+00
8.118738541084271620e-01 2.227323159302852851e+00
9.765227051979576967e-01 1.106489688754030309e+00
1.141171556287488453e+00 7.817912859014194416e-01
1.305820407377018988e+00 7.079290771243295088e-01
1.470469258466549523e+00 4.537217693353806092e-01
1.635118109556080057e+00 2.964393843139697671e-01
