9.642574845219496760e-02 1.395914140026332895e+01
2.288601872351675726e-01 8.154503981306739036e+00
3.612946260181402192e-01 7.352379782809646436e+00
4.937290648011127825e-01 5.182347489837171750e+00
6.261635035840853458e-01 2.612798735502998237e+00
7.585979423670579092e-01 2.483156688090324860e+00
8.910323811500305835e-01 1.496093939880728918e+00
1.023466819933003036e+00 1.387793441120004578e+00
1.155901258715975599e+00 9.242189414298035421e-01
1.288335697498948162e+00 6.119975890446075484e-01
1.420770136281920726e+00 5.261786525544981385e-01
1.553204575064893511e+00 4.546849965457012144e-01
1.685639013847866075e+00 4.226571585835135481e-01
