8.946963914004091301e-02 3.548561239632822861e+01
1.945007058912401332e-01 2.337295297583453291e+01
2.995317726424394089e-01 1.467416631159289508e+01
4.045628393936386291e-01 7.157406814270336426e+00
5.095939061448379048e-01 4.690524178710455239e+00
6.146249728960371250e-01 3.813344868489322526e+00
7.196560396472363452e-01 2.539161968708879780e+00
8.246871063984355654e-01 1.766996856632703006e+00
9.297181731496347856e-01 1.229680307868420863e+00
1.034749239900834006e+00 8.747138087263445216e-01
1.139780306652033337e+00 7.210401047581698197e-01
1.244811373403232668e+00 5.514629217646663806e-01
1.349842440154431777e+00 5.176643649880156017e-01
1.454873506905630887e+00 3.589131864260939886e-01
1.559904573656830218e+00 3.226330078090412501e-01
1.664935640408029549e+00 3.266211870788137128e-01
