5.462507060640050399e-02 4.224814524445049102e+01
1.271420252357186031e-01 3.416136969233056675e+01
1.996589798650367231e-01 2.842309607661245963e+01
2.721759344943548431e-01 2.054602706468187279e+01
3.446928891236729076e-01 1.234143788981859124e+01
4.172098437529910275e-01 9.772271359740667407e+00
4.897267983823091475e-01 7.004773195200280966e+00
5.622437530116273230e-01 4.895129228953631895e+00
6.347607076409453875e-01 3.648691415793599901e+00
7.072776622702634519e-01 2.858024343614090412e+00
7.797946168995816274e-01 2.010385735095769899e+00
8.523115715288996919e-01 1.519834763246417086e+00
9.248285261582178673e-01 1.212975223133937686e+00
9.973454807875359318e-01 1.098950844711337638e+00
1.069862435416853996e+00 9.421274524591976007e-01
1.142379390046172061e+00 7.070849749042410481e-01
1.214896344675490125e+00 6.427933567400335724e-01
1.287413299304808190e+00 5.053548465794085454e-01
1.359930253934126476e+00 4.709453208834281090e-01
1.432447208563444541e+00 3.504213249532918129e-01
1.504964163192762605e+00 2.618318266114846860e-01
1.577481117822080670e+00 2.666164910708797575e-01
1.649998072451398734e+00 2.382539256911135050e-01
1.722515027080716798e+00 1.898856741239124679e-01
