1.158569502066661150e-01 3.264842917487085572e+01
2.832528241389335455e-01 1.112668921045653825e+01
4.506486980712010038e-01 5.903457923009353792e+00
6.180445720034684065e-01 2.199253582489485659e+00
7.854404459357358093e-01 1.898963454425133701e+00
9.528363198680033230e-01 1.170791959053212317e+00
1.120232193800270837e+00 1.227608067024500871e+00
1.287628067732538240e+00 5.975931007956876151e-01
1.455023941664805642e+00 3.987885817945917566e-01
1.622419815597073045e+00 3.766050095345878090e-01
