9.485329942017393934e-02 1.713922940631879399e+01
2.179989849140731017e-01 1.637135762276973949e+01
3.411446704079722503e-01 1.114936970951594297e+01
4.642903559018714543e-01 6.488559012703317919e+00
5.874360413957706584e-01 3.871750029523336689e+00
7.105817268896696959e-01 2.576744003855798493e+00
8.337274123835689554e-01 1.641543976881778333e+00
9.568730978774681040e-01 9.990040717502690626e-01
1.080018783371367252e+00 8.346102251447574671e-01
1.203164468865266290e+00 6.777051380403452674e-01
1.326310154359165550e+00 6.327125613946922300e-01
1.449455839853064809e+00 5.124023880448597135e-01
1.572601525346963847e+00 4.738334038258654735e-01
1.695747210840862884e+00 3.515045792847660833e-01
