1.219329415000236227e-01 8.234114854574370312e+00
2.152197662403269318e-01 1.027453467666625997e+01
3.085065909806302686e-01 8.741598355752984162e+00
4.017934157209335222e-01 6.776480210541522275e+00
4.950802404612368868e-01 5.499359745070520056e+00
5.883670652015402514e-01 4.060379569824386969e+00
6.816538899418433939e-01 3.042912753775140366e+00
7.749407146821467585e-01 2.104006483936740057e+00
8.682275394224501230e-01 1.556463817164095875e+00
9.615143641627534876e-01 1.004029285060065835e+00
1.054801188903056630e+00 7.224682402412773152e-01
1.148088013643360217e+00 6.557066699817890587e-01
1.241374838383663359e+00 6.760241879590197511e-01
1.334661663123966724e+00 6.632672523686627963e-01
1.427948487864270088e+00 5.868716201140227184e-01
1.521235312604573231e+00 5.611680431070976693e-01
1.614522137344876818e+00 5.315212222828447075e-01
1.707808962085179960e+00 4.918814102624599616e-01
