1.283554216483564769e-01 3.270419789511940678e+01
2.466054933277272432e-01 2.000715411867322757e+01
3.648555650070980372e-01 1.007384218367354123e+01
4.831056366864687757e-01 5.173636657231879710e+00
6.013557083658396252e-01 3.472846058367781374e+00
7.196057800452103637e-01 2.542608971228768056e+00
8.378558517245811021e-01 1.565457009389583876e+00
9.561059234039519517e-01 9.708038667157038448e-01
1.074355995083322579e+00 7.288884038993822534e-01
1.192606066762693429e+00 7.034273027125700350e-01
1.310856138442064278e+00 5.051946996966379944e-01
1.429106210121434906e+00 4.737705802905762820e-01
1.547356281800805755e+00 3.737091878412879820e-01
1.665606353480176605e+00 3.368867727034079995e-01
