1.718292211457895791e-01 1.509861316333374859e+01
3.092247990867051377e-01 8.143737251070874095e+00
4.466203770276207519e-01 6.072393021756005815e+00
5.840159549685363105e-01 3.993553140614966690e+00
7.214115329094519247e-01 3.058279876409353726e+00
8.588071108503675388e-01 1.706154921596134466e+00
9.962026887912830420e-01 1.241685851056021583e+00
1.133598266732198656e+00 7.507407993053939466e-01
1.270993844673114381e+00 6.056482219592741467e-01
1.408389422614029884e+00 4.933330987008778257e-01
1.545785000554945388e+00 4.488623493051538960e-01
1.683180578495861113e+00 4.117408393543097733e-01
