6.955325051994359908e-02 9.215078122567311070e+00
1.344624249311973108e-01 2.296368903334242617e+01
1.993715993424509669e-01 2.137459674712174618e+01
2.642807737537046786e-01 1.720576359930132071e+01
3.291899481649583903e-01 1.190742431038710514e+01
3.940991225762121020e-01 8.634726582444864462e+00
4.590082969874658136e-01 6.880944531287692456e+00
5.239174713987194698e-01 5.522024219754841035e+00
5.888266458099731260e-01 4.066701066676400522e+00
6.537358202212268932e-01 3.407509139155684430e+00
7.186449946324806604e-01 2.408960991498666271e+00
7.835541690437342055e-01 1.591296618059066414e+00
8.484633434549879727e-01 1.148252376040912015e+00
9.133725178662417399e-01 9.166499705426359723e-01
9.782816922774953960e-01 6.807052015563451741e-01
1.043190866688749052e+00 7.499489125933109790e-01
1.108100041100002819e+00 7.137095253685564744e-01
1.173009215511256365e+00 6.832494148796641742e-01
1.237918389922509910e+00 6.389104793339427379e-01
1.302827564333763899e+00 6.290019766425251069e-01
1.367736738745017444e+00 5.858717014668619605e-01
1.432645913156270989e+00 5.150159931618634168e-01
1.497555087567524978e+00 4.942414145839000850e-01
1.562464261978778524e+00 3.923855677919493301e-01
1.627373436390032069e+00 3.777590087863135215e-01
1.692282610801286058e+00 3.375919003931123763e-01
