9.883661090568429675e-02 1.049769512486431289e+01
1.665915930279664448e-01 1.592183656116226231e+01
2.343465751502486483e-01 1.573713699758736340e+01
3.021015572725307963e-01 1.113235725024762424e+01
3.698565393948129443e-01 8.530891011171645388e+00
4.376115215170951478e-01 7.137307893986727159e+00
5.053665036393772958e-01 5.917681342759587793e+00
5.731214857616594438e-01 4.548722812920721559e+00
6.408764678839415918e-01 3.571405185801766358e+00
7.086314500062237398e-01 2.839133966382314966e+00
7.763864321285058878e-01 1.969628141912950658e+00
8.441414142507880358e-01 1.370127093029692933e+00
9.118963963730702948e-01 1.079294123959209539e+00
9.796513784953524429e-01 7.748976204962465530e-01
1.047406360617634480e+00 8.001977888610939393e-01
1.115161342739916517e+00 6.884935962740116322e-01
1.182916324862198998e+00 7.500738619640078264e-01
1.250671306984481035e+00 6.760695568650031406e-01
1.318426289106763072e+00 6.923755517098838519e-01
1.386181271229045331e+00 5.914460572151885032e-01
1.453936253351327590e+00 5.544166882793345463e-01
1.521691235473609627e+00 4.788843669648734092e-01
1.589446217595891664e+00 4.803268344109113963e-01
1.657201199718174145e+00 4.562279865113824107e-01
1.724956181840456182e+00 3.839598055923644782e-01
