1.000000000000000021e-02 0.000000000000000000e+00
1.258925411794167490e-02 0.000000000000000000e+00
1.584893192461114125e-02 3.197718108357876015e-06
1.995262314968880915e-02 1.388867110058757961e-04
2.511886431509582213e-02 1.982778332900024532e-03
3.162277660168382604e-02 1.984198524744026394e-03
3.981071705534977578e-02 1.499544862912403432e-03
5.011872336272729656e-02 1.436449875218844680e-03
6.309573444801942765e-02 2.267994033042999066e-03
7.943282347242829056e-02 3.189419106940579850e-03
1.000000000000001998e-01 5.762224731858987294e-03
1.258925411794170057e-01 1.503943629853587982e-02
1.584893192461117317e-01 2.419659859424752243e-02
1.995262314968885009e-01 2.717776054455745688e-02
2.511886431509587347e-01 3.649709883121544235e-02
3.162277660168388849e-01 4.378051128000910730e-02
3.981071705534985350e-01 5.270653235556084504e-02
5.011872336272740203e-01 7.161000784726789803e-02
6.309573444801955810e-01 8.253970452436756866e-02
7.943282347242845987e-01 9.634475711228404626e-02
1.000000000000003997e+00 1.153969057002293269e-01
1.258925411794172611e+00 1.384545705003373817e-01
1.584893192461120703e+00 1.511819787358024969e-01
1.995262314968889061e+00 1.781229813323602362e-01
2.511886431509592565e+00 1.931407412381097310e-01
3.162277660168395510e+00 2.030876118653173745e-01
