1.000000000000000021e-02 0.000000000000000000e+00
1.258925411794167490e-02 5.278047544652282380e-04
1.584893192461114125e-02 4.726933142718793492e-04
1.995262314968880915e-02 2.664638941423437025e-04
2.511886431509582213e-02 1.598739279882150179e-04
3.162277660168382604e-02 2.571030673824289091e-04
3.981071705534977578e-02 8.517488931944327407e-04
5.011872336272729656e-02 1.730007019247515460e-03
6.309573444801942765e-02 1.026501711919451318e-02
7.943282347242829056e-02 1.022512220754066836e-02
1.000000000000001998e-01 8.331090228029724640e-03
1.258925411794170057e-01 6.849659760888377608e-03
1.584893192461117317e-01 7.438365496098242949e-03
1.995262314968885009e-01 1.621399838940855778e-02
2.511886431509587347e-01 1.844705812986823651e-02
3.162277660168388849e-01 2.961590827103775803e-02
3.981071705534985350e-01 4.275448149030168510e-02
5.011872336272740203e-01 4.343562798727319124e-02
6.309573444801955810e-01 5.303990413773201906e-02
7.943282347242845987e-01 6.189384842919307822e-02
1.000000000000003997e+00 7.449807779094339000e-02
1.258925411794172611e+00 8.426566379763478221e-02
1.584893192461120703e+00 9.386964619328512505e-02
1.995262314968889061e+00 1.012265210830271128e-01
2.511886431509592565e+00 1.113633610845122940e-01
3.162277660168395510e+00 1.191259517009647800e-01
