1.000000000000000021e-02 0.000000000000000000e+00
1.258925411794167490e-02 0.000000000000000000e+00
1.584893192461114125e-02 7.031359864997890595e-06
1.995262314968880915e-02 6.185880964616760429e-05
2.511886431509582213e-02 3.673344004138979352e-03
3.162277660168382604e-02 4.373048538177689085e-03
3.981071705534977578e-02 4.905111979745848012e-03
5.011872336272729656e-02 5.296223893711922252e-03
6.309573444801942765e-02 7.897099192943349971e-03
7.943282347242829056e-02 1.119278570031427729e-02
1.000000000000001998e-01 1.633309073265405004e-02
1.258925411794170057e-01 1.709690231348776068e-02
1.584893192461117317e-01 2.350685321939031264e-02
1.995262314968885009e-01 3.286206387006690433e-02
2.511886431509587347e-01 4.795329793767510312e-02
3.162277660168388849e-01 6.727794582170171234e-02
3.981071705534985350e-01 7.400965684366118957e-02
5.011872336272740203e-01 8.429114807470222681e-02
6.309573444801955810e-01 9.698463682818594944e-02
7.943282347242845987e-01 1.161926825065992402e-01
1.000000000000003997e+00 1.319478708328545857e-01
1.258925411794172611e+00 1.478650000337598525e-01
1.584893192461120703e+00 1.627867143480510870e-01
1.995262314968889061e+00 1.861737455380435280e-01
2.511886431509592565e+00 1.957488649379121592e-01
3.162277660168395510e+00 2.042331943975118080e-01
