1.000000000000000021e-02 9.786938352075319491e-06
1.258925411794167490e-02 1.309183266019493656e-04
1.584893192461114125e-02 8.743025350380035721e-04
1.995262314968880915e-02 8.004539888294854308e-04
2.511886431509582213e-02 1.063096963901997635e-03
3.162277660168382604e-02 8.226684503072487697e-04
3.981071705534977578e-02 8.171048631374605142e-04
5.011872336272729656e-02 7.525394616470560717e-04
6.309573444801942765e-02 1.857017403923743063e-03
7.943282347242829056e-02 4.404167532473922224e-03
1.000000000000001998e-01 8.050647328540985401e-03
1.258925411794170057e-01 1.012817174472110775e-02
1.584893192461117317e-01 1.751248781016802661e-02
1.995262314968885009e-01 2.770066759426777908e-02
2.511886431509587347e-01 4.651427410913247518e-02
3.162277660168388849e-01 8.437531883506878272e-02
3.981071705534985350e-01 9.252242710210244192e-02
5.011872336272740203e-01 9.810724268522456881e-02
6.309573444801955810e-01 1.083116461370790262e-01
7.943282347242845987e-01 1.274110526395882959e-01
1.000000000000003997e+00 1.542424105940127521e-01
1.258925411794172611e+00 1.747528093202110333e-01
1.584893192461120703e+00 1.969682013007708066e-01
1.995262314968889061e+00 2.179654883856191605e-01
2.511886431509592565e+00 2.250298552001073760e-01
3.162277660168395510e+00 2.337881947527832571e-01
