1.000000000000000021e-02 0.000000000000000000e+00
1.258925411794167490e-02 0.000000000000000000e+00
1.584893192461114125e-02 0.000000000000000000e+00
1.995262314968880915e-02 0.000000000000000000e+00
2.511886431509582213e-02 7.199061242413989090e-06
3.162277660168382604e-02 1.128039706997686366e-04
3.981071705534977578e-02 7.602311749777187491e-05
5.011872336272729656e-02 1.892979150661214282e-04
6.309573444801942765e-02 1.822356671647774905e-04
7.943282347242829056e-02 2.095435119603768117e-04
1.000000000000001998e-01 3.633335671282212557e-04
1.258925411794170057e-01 1.393158815223082426e-03
1.584893192461117317e-01 2.855119336221737664e-03
1.995262314968885009e-01 4.762173679400722066e-03
2.511886431509587347e-01 8.452977363882060308e-03
3.162277660168388849e-01 2.103759908800995407e-02
3.981071705534985350e-01 2.393705420644018714e-02
5.011872336272740203e-01 2.871380698776531543e-02
6.309573444801955810e-01 3.490487154859209934e-02
7.943282347242845987e-01 5.056136751203526430e-02
1.000000000000003997e+00 5.693247981339698283e-02
1.258925411794172611e+00 8.107550454724779532e-02
1.584893192461120703e+00 1.015139002913529598e-01
1.995262314968889061e+00 1.136281695735538028e-01
2.511886431509592565e+00 1.277300850345341465e-01
3.162277660168395510e+00 1.307608092057795657e-01
