1.000000000000000021e-02 0.000000000000000000e+00
1.258925411794167490e-02 0.000000000000000000e+00
1.584893192461114125e-02 7.416086975868052813e-06
1.995262314968880915e-02 4.143148207722828122e-04
2.511886431509582213e-02 3.354338657938872657e-04
3.162277660168382604e-02 4.949029415793590502e-04
3.981071705534977578e-02 9.108936185743222655e-04
5.011872336272729656e-02 2.768883369567183908e-03
6.309573444801942765e-02 4.628367118140775359e-03
7.943282347242829056e-02 6.425175264503048787e-03
1.000000000000001998e-01 9.074951750273244078e-03
1.258925411794170057e-01 1.358428440586293903e-02
1.584893192461117317e-01 1.646819393653630240e-02
1.995262314968885009e-01 2.351383765131643405e-02
2.511886431509587347e-01 3.158105537748485264e-02
3.162277660168388849e-01 4.508480773757153615e-02
3.981071705534985350e-01 5.360255406551547863e-02
5.011872336272740203e-01 6.660997009890318177e-02
6.309573444801955810e-01 8.435860601814454407e-02
7.943282347242845987e-01 1.009990729727186093e-01
1.000000000000003997e+00 1.220312343678497530e-01
1.258925411794172611e+00 1.526787459663665469e-01
1.584893192461120703e+00 1.806422841082139519e-01
1.995262314968889061e+00 1.949298613036570260e-01
2.511886431509592565e+00 2.075869945989063936e-01
3.162277660168395510e+00 2.150017808291635191e-01
