1.000000000000000021e-03 5.329000000000000000e+03
1.258925411794167490e-03 5.329000000000000000e+03
1.584893192461114082e-03 5.329000000000000000e+03
1.995262314968880655e-03 5.329000000000000000e+03
2.511886431509582039e-03 5.329000000000000000e+03
3.162277660168382430e-03 5.329000000000000000e+03
3.981071705534977752e-03 5.329000000000000000e+03
5.011872336272729829e-03 5.329000000000000000e+03
6.309573444801942418e-03 5.329000000000000000e+03
7.943282347242829403e-03 5.329000000000000000e+03
1.000000000000002102e-02 5.323000000000000000e+03
1.258925411794170092e-02 5.245000000000000000e+03
1.584893192461117248e-02 4.961000000000000000e+03
1.995262314968885078e-02 4.091000000000000000e+03
2.511886431509587417e-02 2.652000000000000000e+03
3.162277660168388849e-02 1.553000000000000000e+03
3.981071705534985211e-02 9.170000000000000000e+02
5.011872336272740064e-02 5.000000000000000000e+02
6.309573444801955255e-02 2.570000000000000000e+02
7.943282347242845709e-02 1.290000000000000000e+02
1.000000000000004080e-01 6.500000000000000000e+01
1.258925411794172555e-01 2.800000000000000000e+01
1.584893192461120648e-01 1.300000000000000000e+01
1.995262314968888895e-01 5.000000000000000000e+00
2.511886431509592343e-01 3.000000000000000000e+00
3.162277660168395510e-01 1.000000000000000000e+00
3.981071705534993677e-01 1.000000000000000000e+00
5.011872336272750195e-01 0.000000000000000000e+00
6.309573444801968023e-01 0.000000000000000000e+00
7.943282347242861530e-01 0.000000000000000000e+00
