1.000000000000000021e-03 1.170500000000000000e+04
1.258925411794167490e-03 1.170500000000000000e+04
1.584893192461114082e-03 1.170500000000000000e+04
1.995262314968880655e-03 1.170500000000000000e+04
2.511886431509582039e-03 1.170500000000000000e+04
3.162277660168382430e-03 1.170500000000000000e+04
3.981071705534977752e-03 1.170500000000000000e+04
5.011872336272729829e-03 1.170500000000000000e+04
6.309573444801942418e-03 1.170500000000000000e+04
7.943282347242829403e-03 1.170500000000000000e+04
1.000000000000002102e-02 1.170500000000000000e+04
1.258925411794170092e-02 1.169500000000000000e+04
1.584893192461117248e-02 1.160100000000000000e+04
1.995262314968885078e-02 1.099100000000000000e+04
2.511886431509587417e-02 9.115000000000000000e+03
3.162277660168388849e-02 5.913000000000000000e+03
3.981071705534985211e-02 3.216000000000000000e+03
5.011872336272740064e-02 1.634000000000000000e+03
6.309573444801955255e-02 8.040000000000000000e+02
7.943282347242845709e-02 3.840000000000000000e+02
1.000000000000004080e-01 1.970000000000000000e+02
1.258925411794172555e-01 8.200000000000000000e+01
1.584893192461120648e-01 3.200000000000000000e+01
1.995262314968888895e-01 1.200000000000000000e+01
2.511886431509592343e-01 4.000000000000000000e+00
3.162277660168395510e-01 2.000000000000000000e+00
3.981071705534993677e-01 1.000000000000000000e+00
5.011872336272750195e-01 0.000000000000000000e+00
6.309573444801968023e-01 0.000000000000000000e+00
7.943282347242861530e-01 0.000000000000000000e+00
