1.000000000000000021e-03 1.453300000000000000e+04
1.258925411794167490e-03 1.453300000000000000e+04
1.584893192461114082e-03 1.453300000000000000e+04
1.995262314968880655e-03 1.453300000000000000e+04
2.511886431509582039e-03 1.453300000000000000e+04
3.162277660168382430e-03 1.453300000000000000e+04
3.981071705534977752e-03 1.453200000000000000e+04
5.011872336272729829e-03 1.453000000000000000e+04
6.309573444801942418e-03 1.452800000000000000e+04
7.943282347242829403e-03 1.452200000000000000e+04
1.000000000000002102e-02 1.451200000000000000e+04
1.258925411794170092e-02 1.449000000000000000e+04
1.584893192461117248e-02 1.434300000000000000e+04
1.995262314968885078e-02 1.307800000000000000e+04
2.511886431509587417e-02 9.545000000000000000e+03
3.162277660168388849e-02 6.016000000000000000e+03
3.981071705534985211e-02 3.587000000000000000e+03
5.011872336272740064e-02 2.049000000000000000e+03
6.309573444801955255e-02 1.051000000000000000e+03
7.943282347242845709e-02 5.310000000000000000e+02
1.000000000000004080e-01 2.490000000000000000e+02
1.258925411794172555e-01 1.270000000000000000e+02
1.584893192461120648e-01 6.100000000000000000e+01
1.995262314968888895e-01 3.000000000000000000e+01
2.511886431509592343e-01 1.100000000000000000e+01
3.162277660168395510e-01 4.000000000000000000e+00
3.981071705534993677e-01 1.000000000000000000e+00
5.011872336272750195e-01 1.000000000000000000e+00
6.309573444801968023e-01 0.000000000000000000e+00
7.943282347242861530e-01 0.000000000000000000e+00
