1.061009227150981893e-01 nan
1.190471933048065645e-01 nan
1.335731478208461165e-01 nan
1.498715368541934378e-01 nan
1.681586301250018733e-01 nan
1.886770862503902302e-01 nan
2.116991726768611137e-01 nan
2.375303785038961890e-01 nan
2.665134681387019144e-01 nan
2.990330295716419617e-01 nan
3.355205776252070393e-01 nan
3.764602798935368089e-01 nan
4.223953813522307588e-01 nan
4.739354128891183349e-01 nan
5.317642794088115465e-01 6.524832774994138163e+05
5.966493348352721604e-01 7.562874352834115271e+05
6.694515644321666903e-01 1.158424727766477445e+05
7.511370095542110326e-01 6.821416082948417170e+05
8.427895864290151362e-01 2.919591207816936076e+05
9.456254690668746132e-01 2.266001160200710583e+05
1.061009227150983891e+00 4.203090956614048919e+05
1.190471933048067754e+00 5.401126911290892167e+05
1.335731478208463940e+00 6.589455768898979295e+05
1.498715368541937654e+00 7.057050139909307472e+05
1.681586301250022508e+00 7.613182925365532283e+05
1.886770862503906132e+00 8.447715250271457480e+05
2.116991726768615134e+00 9.855060782691026106e+05
2.375303785038966442e+00 1.233304498540176312e+06
2.665134681387024695e+00 1.608113488767110277e+06
2.990330295716425724e+00 2.166123974777388386e+06
3.355205776252077499e+00 2.975195089692481793e+06
3.764602798935375638e+00 4.115913953828331549e+06
4.223953813522316025e+00 5.548345282689798623e+06
4.739354128891193341e+00 8.128068230932364240e+06
5.317642794088126124e+00 1.130245292124898359e+07
5.966493348352733150e+00 1.564787188776689023e+07
6.694515644321681336e+00 2.135399817270808667e+07
7.511370095542126535e+00 3.120018395772615075e+07
8.427895864290167793e+00 4.185647598761594296e+07
9.456254690668766116e+00 6.266594264598839730e+07
1.061009227150985801e+01 8.276034817170016468e+07
1.190471933048070063e+01 1.503104049336646497e+08
1.335731478208466960e+01 2.158030029319739938e+08
1.498715368541940940e+01 3.164901624142343402e+08
1.681586301250025173e+01 4.227237807950643301e+08
1.886770862503909285e+01 5.211389580602728724e+08
2.116991726768620197e+01 8.102901385910904408e+08
2.375303785038971682e+01 1.396834836169652700e+09
2.665134681387029403e+01 1.816263110017097950e+09
2.990330295716431053e+01 2.298997118059104443e+09
3.355205776252085315e+01 4.326940934845283508e+09
3.764602798935383987e+01 4.692511440121807098e+09
4.223953813522322775e+01 1.066346481267847252e+10
4.739354128891201867e+01 9.579443950561481476e+09
5.317642794088138203e+01 nan
5.966493348352746295e+01 nan
6.694515644321691639e+01 5.135198484154731750e+10
7.511370095542139325e+01 nan
8.427895864290186978e+01 nan
9.456254690668787077e+01 nan
