1.061009227150981893e-01 nan
1.190471933048065645e-01 nan
1.335731478208461165e-01 nan
1.498715368541934378e-01 nan
1.681586301250018733e-01 nan
1.886770862503902302e-01 nan
2.116991726768611137e-01 nan
2.375303785038961890e-01 nan
2.665134681387019144e-01 nan
2.990330295716419617e-01 nan
3.355205776252070393e-01 nan
3.764602798935368089e-01 nan
4.223953813522307588e-01 nan
4.739354128891183349e-01 nan
5.317642794088115465e-01 5.931666159085580148e+05
5.966493348352721604e-01 8.209425964174442925e+05
6.694515644321666903e-01 7.129862723220867338e+05
7.511370095542110326e-01 1.002451580885462929e+06
8.427895864290151362e-01 1.142999175343924388e+07
9.456254690668746132e-01 2.539665161349745002e+06
1.061009227150983891e+00 4.417937584951531142e+06
1.190471933048067754e+00 2.949743016303236596e+06
1.335731478208463940e+00 3.141008906315427274e+06
1.498715368541937654e+00 2.041252697894983226e+06
1.681586301250022508e+00 1.365016864580794005e+06
1.886770862503906132e+00 8.926857403226870811e+05
2.116991726768615134e+00 8.968364699131295783e+05
2.375303785038966442e+00 9.606347886104306672e+05
2.665134681387024695e+00 1.094130043920229422e+06
2.990330295716425724e+00 1.304966554998827633e+06
3.355205776252077499e+00 1.660866524543962441e+06
3.764602798935375638e+00 2.203358388359161094e+06
4.223953813522316025e+00 3.010878481351249386e+06
4.739354128891193341e+00 4.064498631630894262e+06
5.317642794088126124e+00 5.705792894066266716e+06
5.966493348352733150e+00 8.111957505323411897e+06
6.694515644321681336e+00 1.149948951432002336e+07
7.511370095542126535e+00 1.606618186448159255e+07
8.427895864290167793e+00 2.369244647268518806e+07
9.456254690668766116e+00 3.570302761883839965e+07
1.061009227150985801e+01 5.155000838087831438e+07
1.190471933048070063e+01 7.783603897993807495e+07
1.335731478208466960e+01 1.025561661072697490e+08
1.498715368541940940e+01 1.571748771927613616e+08
1.681586301250025173e+01 2.239534164468644857e+08
1.886770862503909285e+01 3.321005076074914336e+08
2.116991726768620197e+01 4.751665236438392401e+08
2.375303785038971682e+01 7.372246540180817842e+08
2.665134681387029403e+01 1.257492842031311035e+09
2.990330295716431053e+01 1.648307083399177790e+09
3.355205776252085315e+01 2.061527974797260046e+09
3.764602798935383987e+01 3.070409490834398746e+09
4.223953813522322775e+01 4.855461610012560844e+09
4.739354128891201867e+01 1.866852633507382202e+10
5.317642794088138203e+01 1.788234468593583298e+10
5.966493348352746295e+01 1.690438990156111336e+10
6.694515644321691639e+01 3.814407295533506012e+10
7.511370095542139325e+01 nan
8.427895864290186978e+01 4.406229504079906464e+10
9.456254690668787077e+01 8.988305904298216248e+10
