1.061009227150981893e-01 nan
1.190471933048065645e-01 nan
1.335731478208461165e-01 nan
1.498715368541934378e-01 nan
1.681586301250018733e-01 nan
1.886770862503902302e-01 nan
2.116991726768611137e-01 nan
2.375303785038961890e-01 nan
2.665134681387019144e-01 nan
2.990330295716419617e-01 nan
3.355205776252070393e-01 nan
3.764602798935368089e-01 nan
4.223953813522307588e-01 nan
4.739354128891183349e-01 nan
5.317642794088115465e-01 6.524832774994138163e+05
5.966493348352721604e-01 7.058682729311840376e+05
6.694515644321666903e-01 1.026426490350558597e+05
7.511370095542110326e-01 1.151125546869969694e+05
8.427895864290151362e-01 1.445878661328112648e+05
9.456254690668746132e-01 1.447228054269001586e+05
1.061009227150983891e+00 2.403936579310378002e+05
1.190471933048067754e+00 4.024038015058406745e+05
1.335731478208463940e+00 5.296316725676404312e+05
1.498715368541937654e+00 5.933301437552850693e+05
1.681586301250022508e+00 6.345245130415001186e+05
1.886770862503906132e+00 6.725100977242718218e+05
2.116991726768615134e+00 7.200200781041180016e+05
2.375303785038966442e+00 8.187580755380792543e+05
2.665134681387024695e+00 9.932186056701379130e+05
2.990330295716425724e+00 1.275308224203399615e+06
3.355205776252077499e+00 1.690524855339390226e+06
3.764602798935375638e+00 2.240617143030780833e+06
4.223953813522316025e+00 2.995491410338218324e+06
4.739354128891193341e+00 4.033982253132735379e+06
5.317642794088126124e+00 5.613185314077703282e+06
5.966493348352733150e+00 7.809223858454332687e+06
6.694515644321681336e+00 1.026652778814532422e+07
7.511370095542126535e+00 1.398814491091828607e+07
8.427895864290167793e+00 1.831698509925627336e+07
9.456254690668766116e+00 2.756352542157165706e+07
1.061009227150985801e+01 3.509173699715028703e+07
1.190471933048070063e+01 5.036103202386839688e+07
1.335731478208466960e+01 8.856570742130680382e+07
1.498715368541940940e+01 1.218708265713405162e+08
1.681586301250025173e+01 1.216905075528945923e+08
1.886770862503909285e+01 2.609838203339109719e+08
2.116991726768620197e+01 3.136131214970136881e+08
2.375303785038971682e+01 6.402556610240726471e+08
2.665134681387029403e+01 1.241814499761163473e+09
2.990330295716431053e+01 1.108582138137053967e+09
3.355205776252085315e+01 3.717604658818651199e+09
3.764602798935383987e+01 2.851892890626146793e+09
4.223953813522322775e+01 7.696119543572317123e+09
4.739354128891201867e+01 5.890932090063440323e+09
5.317642794088138203e+01 nan
5.966493348352746295e+01 nan
6.694515644321691639e+01 4.042407197826711273e+10
7.511370095542139325e+01 nan
8.427895864290186978e+01 nan
9.456254690668787077e+01 nan
