1.061009227150981893e-01 nan
1.190471933048065645e-01 nan
1.335731478208461165e-01 nan
1.498715368541934378e-01 nan
1.681586301250018733e-01 nan
1.886770862503902302e-01 nan
2.116991726768611137e-01 nan
2.375303785038961890e-01 nan
2.665134681387019144e-01 nan
2.990330295716419617e-01 nan
3.355205776252070393e-01 nan
3.764602798935368089e-01 nan
4.223953813522307588e-01 nan
4.739354128891183349e-01 nan
5.317642794088115465e-01 5.931666159085580148e+05
5.966493348352721604e-01 8.007749314765533200e+05
6.694515644321666903e-01 4.054674932066883775e+05
7.511370095542110326e-01 8.007749314765533200e+05
8.427895864290151362e-01 1.631208193748534424e+06
9.456254690668746132e-01 8.099507522435343126e+05
1.061009227150983891e+00 1.497200407512594946e+06
1.190471933048067754e+00 1.161960369290083181e+06
1.335731478208463940e+00 9.122979175531158689e+05
1.498715368541937654e+00 8.418831573122281116e+05
1.681586301250022508e+00 7.414582698856975185e+05
1.886770862503906132e+00 6.915744129519468406e+05
2.116991726768615134e+00 7.118350037049374077e+05
2.375303785038966442e+00 7.429912304055574350e+05
2.665134681387024695e+00 8.084382383071819786e+05
2.990330295716425724e+00 9.257122934743935475e+05
3.355205776252077499e+00 1.139607895960224792e+06
3.764602798935375638e+00 1.496304219094025902e+06
4.223953813522316025e+00 1.997957576758672483e+06
4.739354128891193341e+00 2.669373093547099270e+06
5.317642794088126124e+00 3.690869613451784477e+06
5.966493348352733150e+00 5.150635766236755066e+06
6.694515644321681336e+00 7.090168749829350039e+06
7.511370095542126535e+00 9.857543187256801873e+06
8.427895864290167793e+00 1.456729835695414431e+07
9.456254690668766116e+00 2.193007574317478016e+07
1.061009227150985801e+01 3.203592219702200219e+07
1.190471933048070063e+01 4.278744418885987997e+07
1.335731478208466960e+01 6.074461985603898019e+07
1.498715368541940940e+01 8.352906627545581758e+07
1.681586301250025173e+01 1.339211627262274623e+08
1.886770862503909285e+01 1.792239916540717483e+08
2.116991726768620197e+01 3.294150801448176503e+08
2.375303785038971682e+01 4.325178780826908946e+08
2.665134681387029403e+01 8.333703579203748703e+08
2.990330295716431053e+01 9.933389199260818958e+08
3.355205776252085315e+01 1.725344765436590672e+09
3.764602798935383987e+01 2.027618558765225410e+09
4.223953813522322775e+01 2.937509373633156300e+09
4.739354128891201867e+01 5.073046615511255264e+09
5.317642794088138203e+01 9.550457049420509338e+09
5.966493348352746295e+01 1.249238019304124069e+10
6.694515644321691639e+01 2.634325169843101120e+10
7.511370095542139325e+01 nan
8.427895864290186978e+01 4.406229504079906464e+10
9.456254690668787077e+01 8.988305904298216248e+10
