1.061009227150981893e-01 nan
1.190471933048065645e-01 nan
1.335731478208461165e-01 nan
1.498715368541934378e-01 nan
1.681586301250018733e-01 nan
1.886770862503902302e-01 nan
2.116991726768611137e-01 nan
2.375303785038961890e-01 nan
2.665134681387019144e-01 nan
2.990330295716419617e-01 nan
3.355205776252070393e-01 nan
3.764602798935368089e-01 nan
4.223953813522307588e-01 nan
4.739354128891183349e-01 nan
5.317642794088115465e-01 5.931666159085580148e+05
5.966493348352721604e-01 7.806072665356623475e+05
6.694515644321666903e-01 1.236927532394038572e+05
7.511370095542110326e-01 4.338666612765725586e+04
8.427895864290151362e-01 7.556942686675029108e+05
9.456254690668746132e-01 1.029546353018061782e+05
1.061009227150983891e+00 6.724407834567128448e+05
1.190471933048067754e+00 5.412557602578216465e+05
1.335731478208463940e+00 6.225726932683370542e+05
1.498715368541937654e+00 6.276082098353916081e+05
1.681586301250022508e+00 6.162058087071775226e+05
1.886770862503906132e+00 6.228249467039859155e+05
2.116991726768615134e+00 6.285227348115661880e+05
2.375303785038966442e+00 6.407871394998190226e+05
2.665134681387024695e+00 6.638141037912458414e+05
2.990330295716425724e+00 7.117999390902696177e+05
3.355205776252077499e+00 8.203391551185757853e+05
3.764602798935375638e+00 1.033890982121896348e+06
4.223953813522316025e+00 1.364283216589683434e+06
4.739354128891193341e+00 1.809158178521101829e+06
5.317642794088126124e+00 2.431983125225087628e+06
5.966493348352733150e+00 3.272960574216373265e+06
6.694515644321681336e+00 4.419091288518757559e+06
7.511370095542126535e+00 6.016729424240992405e+06
8.427895864290167793e+00 8.393307615106094629e+06
9.456254690668766116e+00 1.195230731055744365e+07
1.061009227150985801e+01 1.727894352141629532e+07
1.190471933048070063e+01 2.255219473684337363e+07
1.335731478208466960e+01 3.285495777113634348e+07
1.498715368541940940e+01 4.096883182757227868e+07
1.681586301250025173e+01 6.291125128326166421e+07
1.886770862503909285e+01 8.654656826075404882e+07
2.116991726768620197e+01 1.339061772081251591e+08
2.375303785038971682e+01 2.065323113267371356e+08
2.665134681387029403e+01 3.974636197937323451e+08
2.990330295716431053e+01 5.849773576093244553e+08
3.355205776252085315e+01 7.158916024068068266e+08
3.764602798935383987e+01 9.327340383421297073e+08
4.223953813522322775e+01 1.858738335205747604e+09
4.739354128891201867e+01 3.644835854577887535e+09
5.317642794088138203e+01 2.995338373351313114e+09
5.966493348352746295e+01 9.918971265652420044e+09
6.694515644321691639e+01 1.355986930684741974e+10
7.511370095542139325e+01 nan
8.427895864290186978e+01 4.406229504079906464e+10
9.456254690668787077e+01 8.988305904298216248e+10
