1.061009227150981893e-01 nan
1.190471933048065645e-01 nan
1.335731478208461165e-01 nan
1.498715368541934378e-01 nan
1.681586301250018733e-01 nan
1.886770862503902302e-01 nan
2.116991726768611137e-01 nan
2.375303785038961890e-01 nan
2.665134681387019144e-01 nan
2.990330295716419617e-01 nan
3.355205776252070393e-01 nan
3.764602798935368089e-01 nan
4.223953813522307588e-01 nan
4.739354128891183349e-01 nan
5.317642794088115465e-01 6.524832774994138163e+05
5.966493348352721604e-01 8.067065976356389001e+05
6.694515644321666903e-01 4.874644188730054884e+05
7.511370095542110326e-01 1.135320902848979924e+06
8.427895864290151362e-01 7.106136058584525017e+05
9.456254690668746132e-01 8.589052598355920054e+05
1.061009227150983891e+00 9.422765777480775723e+05
1.190471933048067754e+00 7.314971600482321810e+05
1.335731478208463940e+00 8.219533720857127337e+05
1.498715368541937654e+00 8.977789410687152995e+05
1.681586301250022508e+00 9.931607687959469622e+05
1.886770862503906132e+00 1.171545442519822158e+06
2.116991726768615134e+00 1.449352546649577329e+06
2.375303785038966442e+00 1.846113585758644855e+06
2.665134681387024695e+00 2.462439128644440323e+06
2.990330295716425724e+00 3.356179498772367369e+06
3.355205776252077499e+00 4.570799335194468498e+06
3.764602798935375638e+00 6.395962020415177569e+06
4.223953813522316025e+00 8.608250999837329611e+06
4.739354128891193341e+00 1.254081117798827402e+07
5.317642794088126124e+00 1.804857314060446993e+07
5.966493348352733150e+00 2.525400440478648618e+07
6.694515644321681336e+00 3.608000259853016585e+07
7.511370095542126535e+00 5.339082579011873901e+07
8.427895864290167793e+00 7.457439461231479049e+07
9.456254690668766116e+00 1.042467300854374021e+08
1.061009227150985801e+01 1.557454920890182853e+08
1.190471933048070063e+01 2.237057357188497484e+08
1.335731478208466960e+01 3.301374528857792020e+08
1.498715368541940940e+01 4.824568725503950715e+08
1.681586301250025173e+01 6.418118346786720753e+08
1.886770862503909285e+01 8.571166327394496202e+08
2.116991726768620197e+01 1.199713073788159370e+09
2.375303785038971682e+01 1.877908004875589609e+09
2.665134681387029403e+01 2.418960792309109211e+09
2.990330295716431053e+01 3.287361708464219570e+09
3.355205776252085315e+01 5.207841933340912819e+09
3.764602798935383987e+01 6.608295688429349899e+09
4.223953813522322775e+01 1.472570009922187996e+10
4.739354128891201867e+01 1.326795581105952454e+10
5.317642794088138203e+01 nan
5.966493348352746295e+01 nan
6.694515644321691639e+01 6.227989770482752228e+10
7.511370095542139325e+01 nan
8.427895864290186978e+01 nan
9.456254690668787077e+01 nan
