1.061009227150981893e-01 nan
1.190471933048065645e-01 nan
1.335731478208461165e-01 nan
1.498715368541934378e-01 nan
1.681586301250018733e-01 nan
1.886770862503902302e-01 nan
2.116991726768611137e-01 nan
2.375303785038961890e-01 nan
2.665134681387019144e-01 nan
2.990330295716419617e-01 nan
3.355205776252070393e-01 nan
3.764602798935368089e-01 nan
4.223953813522307588e-01 nan
4.739354128891183349e-01 nan
5.317642794088115465e-01 nan
5.966493348352721604e-01 8.861345877065055538e+04
6.694515644321666903e-01 3.563230552444483037e+05
7.511370095542110326e-01 3.544758473684230703e+05
8.427895864290151362e-01 1.562468344079171075e+05
9.456254690668746132e-01 6.660600725677004084e+05
1.061009227150983891e+00 1.066597407813496189e+06
1.190471933048067754e+00 8.483565326961760875e+05
1.335731478208463940e+00 8.007749314765533200e+05
1.498715368541937654e+00 7.128567641483697807e+05
1.681586301250022508e+00 7.025877684643281391e+05
1.886770862503906132e+00 7.135530757401450537e+05
2.116991726768615134e+00 7.474175477619949961e+05
2.375303785038966442e+00 8.142585360382078215e+05
2.665134681387024695e+00 9.418275572604016634e+05
2.990330295716425724e+00 1.156674901021688012e+06
3.355205776252077499e+00 1.507489940291240579e+06
3.764602798935375638e+00 2.038220951069327071e+06
4.223953813522316025e+00 2.824726189860646613e+06
4.739354128891193341e+00 3.870296812439495698e+06
5.317642794088126124e+00 5.392403930348056369e+06
5.966493348352733150e+00 7.590098943801430054e+06
6.694515644321681336e+00 1.080536099391477555e+07
7.511370095542126535e+00 1.506298250338806771e+07
8.427895864290167793e+00 2.380644378396305814e+07
9.456254690668766116e+00 3.392144225215527415e+07
1.061009227150985801e+01 4.760179244129592925e+07
1.190471933048070063e+01 7.171456263367858529e+07
1.335731478208466960e+01 1.069456797668821216e+08
1.498715368541940940e+01 1.653449527846281528e+08
1.681586301250025173e+01 2.344294693857260048e+08
1.886770862503909285e+01 3.241655555940269232e+08
2.116991726768620197e+01 5.809173295875865221e+08
2.375303785038971682e+01 8.077655011498720646e+08
2.665134681387029403e+01 9.650042786469353437e+08
2.990330295716431053e+01 2.167174358632456303e+09
3.355205776252085315e+01 2.720570446676493168e+09
3.764602798935383987e+01 3.692367165839191437e+09
4.223953813522322775e+01 6.380275413550645828e+09
4.739354128891201867e+01 1.050753398741523743e+10
5.317642794088138203e+01 6.729178674174635887e+09
5.966493348352746295e+01 nan
6.694515644321691639e+01 3.698462184573504639e+10
7.511370095542139325e+01 6.646949490495137024e+10
8.427895864290186978e+01 nan
9.456254690668787077e+01 nan
