1.061009227150981893e-01 nan
1.190471933048065645e-01 nan
1.335731478208461165e-01 nan
1.498715368541934378e-01 nan
1.681586301250018733e-01 nan
1.886770862503902302e-01 nan
2.116991726768611137e-01 nan
2.375303785038961890e-01 nan
2.665134681387019144e-01 nan
2.990330295716419617e-01 nan
3.355205776252070393e-01 nan
3.764602798935368089e-01 nan
4.223953813522307588e-01 nan
4.739354128891183349e-01 nan
5.317642794088115465e-01 nan
5.966493348352721604e-01 8.861345877065055538e+04
6.694515644321666903e-01 5.375443414369338425e+05
7.511370095542110326e-01 3.179942252727934625e+06
8.427895864290151362e-01 3.690740361755373888e+06
9.456254690668746132e-01 1.838183019271004712e+06
1.061009227150983891e+00 3.224380919858532026e+06
1.190471933048067754e+00 1.750062533216205658e+06
1.335731478208463940e+00 1.887139569487463450e+06
1.498715368541937654e+00 1.202687179252408212e+06
1.681586301250022508e+00 9.176490167394923046e+05
1.886770862503906132e+00 9.097616032929413486e+05
2.116991726768615134e+00 9.648395128480604617e+05
2.375303785038966442e+00 1.102054804988383316e+06
2.665134681387024695e+00 1.327915018383024028e+06
2.990330295716425724e+00 1.699143474566767924e+06
3.355205776252077499e+00 2.261260890560812317e+06
3.764602798935375638e+00 3.076276644050276838e+06
4.223953813522316025e+00 4.321854013794529252e+06
4.739354128891193341e+00 6.007542175540364347e+06
5.317642794088126124e+00 8.441074957322571427e+06
5.966493348352733150e+00 1.201847286504971422e+07
6.694515644321681336e+00 1.739492044560975954e+07
7.511370095542126535e+00 2.530545844769852981e+07
8.427895864290167793e+00 3.803905097283764184e+07
9.456254690668766116e+00 5.408613601000440866e+07
1.061009227150985801e+01 8.040884005072836578e+07
1.190471933048070063e+01 1.200789520911577642e+08
1.335731478208466960e+01 1.741412855997230113e+08
1.498715368541940940e+01 2.670177578135346174e+08
1.681586301250025173e+01 3.711237041291964650e+08
1.886770862503909285e+01 5.111781454018956423e+08
2.116991726768620197e+01 7.851483434892189503e+08
2.375303785038971682e+01 1.161098381614655972e+09
2.665134681387029403e+01 1.773756488914153337e+09
2.990330295716431053e+01 3.167087910395426750e+09
3.355205776252085315e+01 4.212931469153294086e+09
3.764602798935383987e+01 5.184940408726893425e+09
4.223953813522322775e+01 1.097104249085032654e+10
4.739354128891201867e+01 1.502202137623822784e+10
5.317642794088138203e+01 1.244916565070105362e+10
5.966493348352746295e+01 nan
6.694515644321691639e+01 3.698462184573504639e+10
7.511370095542139325e+01 6.646949490495137024e+10
8.427895864290186978e+01 nan
9.456254690668787077e+01 nan
