1.061009227150981893e-01 nan
1.190471933048065645e-01 nan
1.335731478208461165e-01 nan
1.498715368541934378e-01 nan
1.681586301250018733e-01 nan
1.886770862503902302e-01 nan
2.116991726768611137e-01 nan
2.375303785038961890e-01 nan
2.665134681387019144e-01 nan
2.990330295716419617e-01 nan
3.355205776252070393e-01 nan
3.764602798935368089e-01 nan
4.223953813522307588e-01 nan
4.739354128891183349e-01 nan
5.317642794088115465e-01 nan
5.966493348352721604e-01 8.861345877065055538e+04
6.694515644321666903e-01 1.751017690519627649e+05
7.511370095542110326e-01 8.569448559314740123e+04
8.427895864290151362e-01 9.381565509271305928e+04
9.456254690668746132e-01 1.512601425592844607e+05
1.061009227150983891e+00 2.535137337346714048e+05
1.190471933048067754e+00 4.579534981729458668e+05
1.335731478208463940e+00 5.803721850015028613e+05
1.498715368541937654e+00 6.020199155618896475e+05
1.681586301250022508e+00 6.142506991610575933e+05
1.886770862503906132e+00 6.254557682261253940e+05
2.116991726768615134e+00 6.437310826807626290e+05
2.375303785038966442e+00 6.669215729497014545e+05
2.665134681387024695e+00 7.117999390902696177e+05
2.990330295716425724e+00 8.159396436502722790e+05
3.355205776252077499e+00 9.965815190413550008e+05
3.764602798935375638e+00 1.304966554998827633e+06
4.223953813522316025e+00 1.756896969544408610e+06
4.739354128891193341e+00 2.372666463634232059e+06
5.317642794088126124e+00 3.207879774532755371e+06
5.966493348352733150e+00 4.389432957723328844e+06
6.694515644321681336e+00 5.933518492984568700e+06
7.511370095542126535e+00 8.215357630333527923e+06
8.427895864290167793e+00 1.228386323950061761e+07
9.456254690668766116e+00 1.699540987901200354e+07
1.061009227150985801e+01 2.382631662781495601e+07
1.190471933048070063e+01 3.332054148204733804e+07
1.335731478208466960e+01 4.768585058612079173e+07
1.498715368541940940e+01 6.633890910563886166e+07
1.681586301250025173e+01 9.684631337939026952e+07
1.886770862503909285e+01 1.408889346106006801e+08
2.116991726768620197e+01 2.943055481491901278e+08
2.375303785038971682e+01 3.018150375065925121e+08
2.665134681387029403e+01 5.660434792295233011e+08
2.990330295716431053e+01 6.904176071851580143e+08
3.355205776252085315e+01 1.902108159442421436e+09
3.764602798935383987e+01 1.156799466011028767e+09
4.223953813522322775e+01 3.291926426638519764e+09
4.739354128891201867e+01 8.088142648728970528e+09
5.317642794088138203e+01 4.572045232096938133e+09
5.966493348352746295e+01 nan
6.694515644321691639e+01 3.698462184573504639e+10
7.511370095542139325e+01 6.646949490495137024e+10
8.427895864290186978e+01 nan
9.456254690668787077e+01 nan
