1.061009227150981893e-01 nan
1.190471933048065645e-01 nan
1.335731478208461165e-01 nan
1.498715368541934378e-01 nan
1.681586301250018733e-01 nan
1.886770862503902302e-01 nan
2.116991726768611137e-01 nan
2.375303785038961890e-01 nan
2.665134681387019144e-01 nan
2.990330295716419617e-01 nan
3.355205776252070393e-01 nan
3.764602798935368089e-01 nan
4.223953813522307588e-01 nan
4.739354128891183349e-01 nan
5.317642794088115465e-01 nan
5.966493348352721604e-01 1.067699908635404427e+06
6.694515644321666903e-01 6.548559439630480483e+05
7.511370095542110326e-01 1.240038105366052041e+05
8.427895864290151362e-01 9.496381981940034893e+04
9.456254690668746132e-01 1.537235000098231831e+05
1.061009227150983891e+00 2.450566692305188335e+05
1.190471933048067754e+00 3.632335208038827404e+05
1.335731478208463940e+00 5.212346286220044130e+05
1.498715368541937654e+00 5.882626077693443513e+05
1.681586301250022508e+00 6.257272049746047705e+05
1.886770862503906132e+00 6.561840038002828369e+05
2.116991726768615134e+00 7.115154908013613895e+05
2.375303785038966442e+00 7.709382663438806776e+05
2.665134681387024695e+00 9.194082546582649229e+05
2.990330295716425724e+00 1.156674901021688012e+06
3.355205776252077499e+00 1.542233201362250838e+06
3.764602798935375638e+00 2.105741486475380603e+06
4.223953813522316025e+00 2.847199756361078471e+06
4.739354128891193341e+00 3.707291349428487476e+06
5.317642794088126124e+00 4.962881812476839870e+06
5.966493348352733150e+00 7.099027186518009752e+06
6.694515644321681336e+00 9.344746867023423314e+06
7.511370095542126535e+00 1.282307590271120705e+07
8.427895864290167793e+00 1.829870944728087634e+07
9.456254690668766116e+00 2.564140647249514610e+07
1.061009227150985801e+01 2.870926420997420698e+07
1.190471933048070063e+01 4.410786955896037072e+07
1.335731478208466960e+01 6.456875180317726731e+07
1.498715368541940940e+01 1.110645171627184004e+08
1.681586301250025173e+01 1.523489136299540401e+08
1.886770862503909285e+01 3.060555124658011198e+08
2.116991726768620197e+01 4.186774147128311992e+08
2.375303785038971682e+01 6.996804405324825048e+08
2.665134681387029403e+01 1.044612677611011505e+09
2.990330295716431053e+01 9.611102404231001139e+08
3.355205776252085315e+01 2.737842500547850609e+09
3.764602798935383987e+01 1.572204724130878210e+09
4.223953813522322775e+01 3.241011376995392799e+09
4.739354128891201867e+01 nan
5.317642794088138203e+01 1.918622695413410950e+10
5.966493348352746295e+01 nan
6.694515644321691639e+01 nan
7.511370095542139325e+01 nan
8.427895864290186978e+01 6.969728139452410889e+10
9.456254690668787077e+01 nan
