1.061009227150981893e-01 nan
1.190471933048065645e-01 nan
1.335731478208461165e-01 nan
1.498715368541934378e-01 nan
1.681586301250018733e-01 nan
1.886770862503902302e-01 nan
2.116991726768611137e-01 nan
2.375303785038961890e-01 nan
2.665134681387019144e-01 nan
2.990330295716419617e-01 nan
3.355205776252070393e-01 nan
3.764602798935368089e-01 nan
4.223953813522307588e-01 nan
4.739354128891183349e-01 nan
5.317642794088115465e-01 nan
5.966493348352721604e-01 -7.020000000000000000e+09
6.694515644321666903e-01 nan
7.511370095542110326e-01 1.703472251617929665e+06
8.427895864290151362e-01 3.667195918081620242e+06
9.456254690668746132e-01 3.895716205721306615e+06
1.061009227150983891e+00 4.082177936694144271e+06
1.190471933048067754e+00 3.034778315994425677e+06
1.335731478208463940e+00 2.656182433643975295e+06
1.498715368541937654e+00 2.273617538931112271e+06
1.681586301250022508e+00 1.544348800195325864e+06
1.886770862503906132e+00 9.585844784057593206e+05
2.116991726768615134e+00 9.197137231667002197e+05
2.375303785038966442e+00 9.381082712009361712e+05
2.665134681387024695e+00 1.059876119899794227e+06
2.990330295716425724e+00 1.267271426483210409e+06
3.355205776252077499e+00 1.599490693851196673e+06
3.764602798935375638e+00 2.112656619742932264e+06
4.223953813522316025e+00 2.836701924597767647e+06
4.739354128891193341e+00 3.944557995791910682e+06
5.317642794088126124e+00 5.488256560952367261e+06
5.966493348352733150e+00 7.633074931361969560e+06
6.694515644321681336e+00 1.074675664092438295e+07
7.511370095542126535e+00 1.540837124166938290e+07
8.427895864290167793e+00 2.164196622094184905e+07
9.456254690668766116e+00 3.260678728850856423e+07
1.061009227150985801e+01 4.962362897106572241e+07
1.190471933048070063e+01 7.197999850521251559e+07
1.335731478208466960e+01 9.730050764578147233e+07
1.498715368541940940e+01 1.484419595361663103e+08
1.681586301250025173e+01 2.097814493719053268e+08
1.886770862503909285e+01 3.239968691500695944e+08
2.116991726768620197e+01 4.867381990980669856e+08
2.375303785038971682e+01 6.390545912627050877e+08
2.665134681387029403e+01 1.066602001659851313e+09
2.990330295716431053e+01 1.854784145750570297e+09
3.355205776252085315e+01 1.457137723361640453e+09
3.764602798935383987e+01 3.119940701499425888e+09
4.223953813522322775e+01 4.530582017020103455e+09
4.739354128891201867e+01 1.225121221573665047e+10
5.317642794088138203e+01 7.709829333453773499e+09
5.966493348352746295e+01 nan
6.694515644321691639e+01 7.433188273162315369e+10
7.511370095542139325e+01 1.588672215721731758e+10
8.427895864290186978e+01 7.614843762687243652e+10
9.456254690668787077e+01 1.301561841778676605e+11
