1.061009227150981893e-01 nan
1.190471933048065645e-01 nan
1.335731478208461165e-01 nan
1.498715368541934378e-01 nan
1.681586301250018733e-01 nan
1.886770862503902302e-01 nan
2.116991726768611137e-01 nan
2.375303785038961890e-01 nan
2.665134681387019144e-01 nan
2.990330295716419617e-01 nan
3.355205776252070393e-01 nan
3.764602798935368089e-01 nan
4.223953813522307588e-01 nan
4.739354128891183349e-01 nan
5.317642794088115465e-01 nan
5.966493348352721604e-01 -7.020000000000000000e+09
6.694515644321666903e-01 nan
7.511370095542110326e-01 1.366770771512646752e+05
8.427895864290151362e-01 3.572492857782083447e+05
9.456254690668746132e-01 1.540979476525228703e+06
1.061009227150983891e+00 1.615855429384333314e+06
1.190471933048067754e+00 1.108681067238039337e+06
1.335731478208463940e+00 1.033600127112149843e+06
1.498715368541937654e+00 9.787249162491206080e+05
1.681586301250022508e+00 8.007749314765533200e+05
1.886770862503906132e+00 7.027490057771401480e+05
2.116991726768615134e+00 7.127250983336231438e+05
2.375303785038966442e+00 7.363069174089638982e+05
2.665134681387024695e+00 7.925057549407153856e+05
2.990330295716425724e+00 8.988969042849608231e+05
3.355205776252077499e+00 1.107218417437381111e+06
3.764602798935375638e+00 1.450324596401835792e+06
4.223953813522316025e+00 1.904408262976762373e+06
4.739354128891193341e+00 2.649141333408336621e+06
5.317642794088126124e+00 3.581369264310855884e+06
5.966493348352733150e+00 4.951309822902963497e+06
6.694515644321681336e+00 6.783148189224954695e+06
7.511370095542126535e+00 9.638957508514067158e+06
8.427895864290167793e+00 1.364961005223647691e+07
9.456254690668766116e+00 2.014439536356176436e+07
1.061009227150985801e+01 2.847199756361078471e+07
1.190471933048070063e+01 3.923797164235111326e+07
1.335731478208466960e+01 5.356734808430252969e+07
1.498715368541940940e+01 8.256815027034679055e+07
1.681586301250025173e+01 1.299066461837392896e+08
1.886770862503909285e+01 1.798675556295428276e+08
2.116991726768620197e+01 3.054043506428172588e+08
2.375303785038971682e+01 4.337928215449370146e+08
2.665134681387029403e+01 5.929046381598089933e+08
2.990330295716431053e+01 9.109556303815679550e+08
3.355205776252085315e+01 1.169230485714494228e+09
3.764602798935383987e+01 1.486083913071270943e+09
4.223953813522322775e+01 2.500419723535537720e+09
4.739354128891201867e+01 9.880716114298395157e+09
5.317642794088138203e+01 6.005066763579336166e+09
5.966493348352746295e+01 nan
6.694515644321691639e+01 6.146792736469768524e+10
7.511370095542139325e+01 1.588672215721731758e+10
8.427895864290186978e+01 7.614843762687243652e+10
9.456254690668787077e+01 1.301561841778676605e+11
