1.061009227150981893e-01 nan
1.190471933048065645e-01 nan
1.335731478208461165e-01 nan
1.498715368541934378e-01 nan
1.681586301250018733e-01 nan
1.886770862503902302e-01 nan
2.116991726768611137e-01 nan
2.375303785038961890e-01 nan
2.665134681387019144e-01 nan
2.990330295716419617e-01 nan
3.355205776252070393e-01 nan
3.764602798935368089e-01 nan
4.223953813522307588e-01 nan
4.739354128891183349e-01 nan
5.317642794088115465e-01 nan
5.966493348352721604e-01 -7.020000000000000000e+09
6.694515644321666903e-01 nan
7.511370095542110326e-01 9.400665764758600562e+04
8.427895864290151362e-01 7.836049029957555467e+04
9.456254690668746132e-01 2.388757518387417658e+05
1.061009227150983891e+00 4.319575151044400409e+05
1.190471933048067754e+00 6.524832774994138163e+05
1.335731478208463940e+00 6.783006166803666856e+05
1.498715368541937654e+00 6.831686289931089850e+05
1.681586301250022508e+00 6.228249467039859155e+05
1.886770862503906132e+00 6.225769022525752662e+05
2.116991726768615134e+00 6.272326072886539623e+05
2.375303785038966442e+00 6.437093969835089520e+05
2.665134681387024695e+00 6.586894393850221531e+05
2.990330295716425724e+00 7.058877915889930446e+05
3.355205776252077499e+00 8.007749314765533200e+05
3.764602798935375638e+00 1.014706030789752025e+06
4.223953813522316025e+00 1.334624885794255417e+06
4.739354128891193341e+00 1.814571708125295117e+06
5.317642794088126124e+00 2.402324794429659843e+06
5.966493348352733150e+00 3.262416387497068848e+06
6.694515644321681336e+00 4.386338567144467495e+06
7.511370095542126535e+00 6.019025810883971862e+06
8.427895864290167793e+00 8.067065976356388070e+06
9.456254690668766116e+00 1.151692301448056102e+07
1.061009227150985801e+01 1.592652363714478165e+07
1.190471933048070063e+01 2.151059415930794552e+07
1.335731478208466960e+01 3.149833363797624409e+07
1.498715368541940940e+01 3.955234994878264517e+07
1.681586301250025173e+01 7.072918728093644977e+07
1.886770862503909285e+01 9.244145808965331316e+07
2.116991726768620197e+01 1.783176869866623878e+08
2.375303785038971682e+01 1.767434838758093715e+08
2.665134681387029403e+01 3.596392918918223381e+08
2.990330295716431053e+01 4.451575506970306039e+08
3.355205776252085315e+01 6.875370518331458569e+08
3.764602798935383987e+01 8.552750801462315321e+08
4.223953813522322775e+01 1.763011854898868084e+09
4.739354128891201867e+01 4.526199591284188271e+09
5.317642794088138203e+01 4.650588778157108307e+09
5.966493348352746295e+01 nan
6.694515644321691639e+01 4.860397199777222443e+10
7.511370095542139325e+01 1.588672215721731758e+10
8.427895864290186978e+01 7.614843762687243652e+10
9.456254690668787077e+01 1.301561841778676605e+11
