1.061009227150981893e-01 nan
1.190471933048065645e-01 nan
1.335731478208461165e-01 nan
1.498715368541934378e-01 nan
1.681586301250018733e-01 nan
1.886770862503902302e-01 nan
2.116991726768611137e-01 nan
2.375303785038961890e-01 nan
2.665134681387019144e-01 nan
2.990330295716419617e-01 nan
3.355205776252070393e-01 nan
3.764602798935368089e-01 nan
4.223953813522307588e-01 nan
4.739354128891183349e-01 nan
5.317642794088115465e-01 nan
5.966493348352721604e-01 1.067699908635404427e+06
6.694515644321666903e-01 9.170355881946305744e+05
7.511370095542110326e-01 1.022619245826353785e+06
8.427895864290151362e-01 7.046819396993669216e+05
9.456254690668746132e-01 1.109915262111795601e+06
1.061009227150983891e+00 8.600915930674091214e+05
1.190471933048067754e+00 8.621019298082105815e+05
1.335731478208463940e+00 8.476598543953575427e+05
1.498715368541937654e+00 8.894361193087184802e+05
1.681586301250022508e+00 9.981201288307382492e+05
1.886770862503906132e+00 1.121237716279139044e+06
2.116991726768615134e+00 1.382458309213005938e+06
2.375303785038966442e+00 1.720183186134818243e+06
2.665134681387024695e+00 2.241495171599453781e+06
2.990330295716425724e+00 2.980332858295648824e+06
3.355205776252077499e+00 4.091205256869761273e+06
3.764602798935375638e+00 5.710512694816947915e+06
4.223953813522316025e+00 7.919460018062811345e+06
4.739354128891193341e+00 1.120986410239883140e+07
5.317642794088126124e+00 1.454884669467914850e+07
5.966493348352733150e+00 2.235194226578434184e+07
6.694515644321681336e+00 3.175524891736175492e+07
7.511370095542126535e+00 4.428642572266026586e+07
8.427895864290167793e+00 6.543814793638195097e+07
9.456254690668766116e+00 9.758846468623405695e+07
1.061009227150985801e+01 1.203341461460978836e+08
1.190471933048070063e+01 1.928701247894750535e+08
1.335731478208466960e+01 2.439340009293967485e+08
1.498715368541940940e+01 4.450575984586682320e+08
1.681586301250025173e+01 4.788780894608167410e+08
1.886770862503909285e+01 9.938169553356192112e+08
2.116991726768620197e+01 1.104191593499400377e+09
2.375303785038971682e+01 1.722529461596111774e+09
2.665134681387029403e+01 2.216082118880089760e+09
2.990330295716431053e+01 4.601072934629195213e+09
3.355205776252085315e+01 5.077448464435362816e+09
3.764602798935383987e+01 5.969220565018486977e+09
4.223953813522322775e+01 2.853865362415688705e+10
4.739354128891201867e+01 nan
5.317642794088138203e+01 5.529906967745912933e+10
5.966493348352746295e+01 nan
6.694515644321691639e+01 nan
7.511370095542139325e+01 nan
8.427895864290186978e+01 7.065676845873461914e+10
9.456254690668787077e+01 nan
