1.061009227150981893e-01 nan
1.190471933048065645e-01 nan
1.335731478208461165e-01 nan
1.498715368541934378e-01 nan
1.681586301250018733e-01 nan
1.886770862503902302e-01 nan
2.116991726768611137e-01 nan
2.375303785038961890e-01 nan
2.665134681387019144e-01 nan
2.990330295716419617e-01 nan
3.355205776252070393e-01 nan
3.764602798935368089e-01 nan
4.223953813522307588e-01 nan
4.739354128891183349e-01 nan
5.317642794088115465e-01 nan
5.966493348352721604e-01 nan
6.694515644321666903e-01 nan
7.511370095542110326e-01 6.673124428971277084e+05
8.427895864290151362e-01 1.942620667100527324e+06
9.456254690668746132e-01 8.007749314765533200e+05
1.061009227150983891e+00 7.711166006811254192e+05
1.190471933048067754e+00 1.202042122322398238e+06
1.335731478208463940e+00 7.434738618851676583e+05
1.498715368541937654e+00 7.005088380961427465e+05
1.681586301250022508e+00 6.971918585943378275e+05
1.886770862503906132e+00 7.144858549127166625e+05
2.116991726768615134e+00 7.414582698856975185e+05
2.375303785038966442e+00 7.974240514209655812e+05
2.665134681387024695e+00 9.048016599606112577e+05
2.990330295716425724e+00 1.095783594016699353e+06
3.355205776252077499e+00 1.423599878180539235e+06
3.764602798935375638e+00 1.927791501702813432e+06
4.223953813522316025e+00 2.646615758754924405e+06
4.739354128891193341e+00 3.621515073188249487e+06
5.317642794088126124e+00 5.108008436229060404e+06
5.966493348352733150e+00 7.163551309901652858e+06
6.694515644321681336e+00 9.829450892921136692e+06
7.511370095542126535e+00 1.380719527644833550e+07
8.427895864290167793e+00 2.130780218646882847e+07
9.456254690668766116e+00 2.977340023604112118e+07
1.061009227150985801e+01 4.428196076602365077e+07
1.190471933048070063e+01 6.131857720425297320e+07
1.335731478208466960e+01 9.504206018271400034e+07
1.498715368541940940e+01 1.325530844992635548e+08
1.681586301250025173e+01 2.072891603554452062e+08
1.886770862503909285e+01 3.267311124499282837e+08
2.116991726768620197e+01 5.165888057947631478e+08
2.375303785038971682e+01 7.411992742235014439e+08
2.665134681387029403e+01 8.492069856654870510e+08
2.990330295716431053e+01 1.794232085279900789e+09
3.355205776252085315e+01 2.229635185580036640e+09
3.764602798935383987e+01 4.481142312769393921e+09
4.223953813522322775e+01 4.420444987417173386e+09
4.739354128891201867e+01 4.361494810114035606e+09
5.317642794088138203e+01 3.415078655004460144e+10
5.966493348352746295e+01 2.667887347714089584e+10
6.694515644321691639e+01 nan
7.511370095542139325e+01 nan
8.427895864290186978e+01 7.449199285645706177e+10
9.456254690668787077e+01 nan
