1.061009227150981893e-01 nan
1.190471933048065645e-01 nan
1.335731478208461165e-01 nan
1.498715368541934378e-01 nan
1.681586301250018733e-01 nan
1.886770862503902302e-01 nan
2.116991726768611137e-01 nan
2.375303785038961890e-01 nan
2.665134681387019144e-01 nan
2.990330295716419617e-01 nan
3.355205776252070393e-01 nan
3.764602798935368089e-01 nan
4.223953813522307588e-01 nan
4.739354128891183349e-01 nan
5.317642794088115465e-01 nan
5.966493348352721604e-01 nan
6.694515644321666903e-01 nan
7.511370095542110326e-01 1.352419884271512274e+06
8.427895864290151362e-01 2.388259500386468600e+06
9.456254690668746132e-01 2.659759105733973905e+06
1.061009227150983891e+00 2.331273086678423453e+06
1.190471933048067754e+00 3.032540881816090550e+06
1.335731478208463940e+00 1.778307430876399158e+06
1.498715368541937654e+00 1.080213183881701669e+06
1.681586301250022508e+00 9.520588366298330948e+05
1.886770862503906132e+00 9.325201235890653916e+05
2.116991726768615134e+00 9.543329092439608648e+05
2.375303785038966442e+00 1.078752717959838221e+06
2.665134681387024695e+00 1.282521392136213835e+06
2.990330295716425724e+00 1.611349517121307785e+06
3.355205776252077499e+00 2.130455022352020256e+06
3.764602798935375638e+00 2.906316933082114439e+06
4.223953813522316025e+00 4.070381658929064870e+06
4.739354128891193341e+00 5.613471589347307570e+06
5.317642794088126124e+00 7.936961455060936511e+06
5.966493348352733150e+00 1.117885618653323688e+07
6.694515644321681336e+00 1.580924708185417205e+07
7.511370095542126535e+00 2.258122382649536431e+07
8.427895864290167793e+00 3.476544074931263179e+07
9.456254690668766116e+00 4.859413164509000629e+07
1.061009227150985801e+01 7.862389610382755101e+07
1.190471933048070063e+01 1.088405737656463981e+08
1.335731478208466960e+01 1.675857413900610805e+08
1.498715368541940940e+01 2.373735641110897660e+08
1.681586301250025173e+01 3.258043632594385147e+08
1.886770862503909285e+01 4.987894723228147626e+08
2.116991726768620197e+01 7.301521376729210615e+08
2.375303785038971682e+01 1.154643813174331188e+09
2.665134681387029403e+01 1.578313611818714380e+09
2.990330295716431053e+01 2.614495167031717300e+09
3.355205776252085315e+01 2.939952855183883190e+09
3.764602798935383987e+01 9.160916556183832169e+09
4.223953813522322775e+01 2.188861182046293259e+10
4.739354128891201867e+01 1.003777018562811470e+10
5.317642794088138203e+01 5.336574420067565918e+10
5.966493348352746295e+01 3.644832486234957886e+10
6.694515644321691639e+01 nan
7.511370095542139325e+01 nan
8.427895864290186978e+01 7.484994590944143677e+10
9.456254690668787077e+01 nan
