1.061009227150981893e-01 nan
1.190471933048065645e-01 nan
1.335731478208461165e-01 nan
1.498715368541934378e-01 nan
1.681586301250018733e-01 nan
1.886770862503902302e-01 nan
2.116991726768611137e-01 nan
2.375303785038961890e-01 nan
2.665134681387019144e-01 nan
2.990330295716419617e-01 nan
3.355205776252070393e-01 nan
3.764602798935368089e-01 nan
4.223953813522307588e-01 nan
4.739354128891183349e-01 nan
5.317642794088115465e-01 nan
5.966493348352721604e-01 1.067699908635404427e+06
6.694515644321666903e-01 7.859457660788393114e+05
7.511370095542110326e-01 6.228249467039859155e+05
8.427895864290151362e-01 1.861166724485861487e+05
9.456254690668746132e-01 5.206723615060763550e+05
1.061009227150983891e+00 3.796045124937677756e+05
1.190471933048067754e+00 5.502698014274674933e+05
1.335731478208463940e+00 6.665995074668964371e+05
1.498715368541937654e+00 6.885118617451647297e+05
1.681586301250022508e+00 7.509120388572555967e+05
1.886770862503906132e+00 8.256781193960587261e+05
2.116991726768615134e+00 9.468411466711077373e+05
2.375303785038966442e+00 1.139733480557634262e+06
2.665134681387024695e+00 1.461498699199031340e+06
2.990330295716425724e+00 1.932149861515341792e+06
3.355205776252077499e+00 2.587201146153050009e+06
3.764602798935375638e+00 3.607507597475504968e+06
4.223953813522316025e+00 5.015666182491240092e+06
4.739354128891193341e+00 7.056038395960642025e+06
5.317642794088126124e+00 8.870034935866864398e+06
5.966493348352733150e+00 1.336541783551395312e+07
6.694515644321681336e+00 1.829836861584080756e+07
7.511370095542126535e+00 2.547486999052481726e+07
8.427895864290167793e+00 3.827495225837896019e+07
9.456254690668766116e+00 5.060931069410790503e+07
1.061009227150985801e+01 6.495174444198709726e+07
1.190471933048070063e+01 1.227031788588628769e+08
1.335731478208466960e+01 1.596798625564437211e+08
1.498715368541940940e+01 2.419031987273153067e+08
1.681586301250025173e+01 3.351794338673830032e+08
1.886770862503909285e+01 5.692229476740304232e+08
2.116991726768620197e+01 6.579761761548019648e+08
2.375303785038971682e+01 1.210624440225905657e+09
2.665134681387029403e+01 1.416218946095212460e+09
2.990330295716431053e+01 1.564773532766776085e+09
3.355205776252085315e+01 3.699733767251922131e+09
3.764602798935383987e+01 2.204147828054610252e+09
4.223953813522322775e+01 7.684352309448303223e+09
4.739354128891201867e+01 nan
5.317642794088138203e+01 4.004655806668035126e+10
5.966493348352746295e+01 nan
6.694515644321691639e+01 nan
7.511370095542139325e+01 nan
8.427895864290186978e+01 7.017702492662936401e+10
9.456254690668787077e+01 nan
