1.061009227150981893e-01 nan
1.190471933048065645e-01 nan
1.335731478208461165e-01 nan
1.498715368541934378e-01 nan
1.681586301250018733e-01 nan
1.886770862503902302e-01 nan
2.116991726768611137e-01 nan
2.375303785038961890e-01 nan
2.665134681387019144e-01 nan
2.990330295716419617e-01 nan
3.355205776252070393e-01 nan
3.764602798935368089e-01 nan
4.223953813522307588e-01 nan
4.739354128891183349e-01 nan
5.317642794088115465e-01 nan
5.966493348352721604e-01 nan
6.694515644321666903e-01 nan
7.511370095542110326e-01 3.729959740369518113e+04
8.427895864290151362e-01 5.142102913035709644e+05
9.456254690668746132e-01 1.123920179334396380e+05
1.061009227150983891e+00 2.282253776216494734e+05
1.190471933048067754e+00 5.866539069646999706e+05
1.335731478208463940e+00 5.931666159085580148e+05
1.498715368541937654e+00 5.931666159085580148e+05
1.681586301250022508e+00 6.110785476191188209e+05
1.886770862503906132e+00 6.259776596220365027e+05
2.116991726768615134e+00 6.368649963888931088e+05
2.375303785038966442e+00 6.592788596466695890e+05
2.665134681387024695e+00 7.006658810423846589e+05
2.990330295716425724e+00 7.914894451536898268e+05
3.355205776252077499e+00 9.538085533166172681e+05
3.764602798935375638e+00 1.268562984144286020e+06
4.223953813522316025e+00 1.720183186134818243e+06
4.739354128891193341e+00 2.313349802043376025e+06
5.317642794088126124e+00 3.173441395110785030e+06
5.966493348352733150e+00 4.181824642155333888e+06
6.694515644321681336e+00 5.783374505108440295e+06
7.511370095542126535e+00 8.067065976356388070e+06
8.427895864290167793e+00 1.178740699133486301e+07
9.456254690668766116e+00 1.591228763836297579e+07
1.061009227150985801e+01 2.181310913342130929e+07
1.190471933048070063e+01 2.900611566662843153e+07
1.335731478208466960e+01 4.448156452698276937e+07
1.498715368541940940e+01 6.221012834325774759e+07
1.681586301250025173e+01 9.799231128132560849e+07
1.886770862503909285e+01 1.521697773119496405e+08
2.116991726768620197e+01 2.198750011849842668e+08
2.375303785038971682e+01 4.481722181898552775e+08
2.665134681387029403e+01 4.710763176893312931e+08
2.990330295716431053e+01 1.015590221427837491e+09
3.355205776252085315e+01 1.035398427399487853e+09
3.764602798935383987e+01 2.791288264654075623e+09
4.223953813522322775e+01 2.158105048994556427e+09
4.739354128891201867e+01 3.718025292509968758e+09
5.317642794088138203e+01 1.493582889941353798e+10
5.966493348352746295e+01 1.690942209193221283e+10
6.694515644321691639e+01 nan
7.511370095542139325e+01 nan
8.427895864290186978e+01 7.413403980347268677e+10
9.456254690668787077e+01 nan
