1.291225463748961268e-05 1.008604690159601402e+10
2.916781655459669171e-05 0.000000000000000000e+00
3.672009740370557184e-05 0.000000000000000000e+00
4.622788188089145593e-05 0.000000000000000000e+00
5.819747074066110401e-05 1.275802428949426889e+09
7.326625872890709984e-05 1.278832622502763510e+09
9.223673468649054780e-05 6.409350065762131214e+08
1.161191436989450406e-04 1.284914617992432356e+09
1.461853981488456364e-04 8.049736662629257441e+08
1.840365616014955031e-04 5.244773324430654049e+08
2.316882532225394216e-04 5.661634324157345295e+08
2.916781655459669306e-04 5.573736985798015594e+08
3.672010863831023280e-04 5.333002716014719605e+08
4.622787897196215055e-04 4.912931870092751980e+08
5.819745659712714445e-04 4.503570492616772652e+08
7.326625872890709171e-04 3.606322049460527301e+08
9.223673468649056136e-04 3.554037713378476501e+08
1.161191792258844035e-03 2.892710406939729452e+08
1.461853889500035197e-03 2.227340403798106611e+08
1.840365168757140480e-03 1.673823858549114764e+08
2.316882532225394108e-03 1.274405937202342749e+08
2.916781655459669848e-03 9.204199933569082618e+07
3.672010863831023930e-03 6.621104958630536497e+07
4.622787897196215488e-03 4.764434276107271016e+07
5.819745659712714445e-03 3.395792634079726040e+07
7.326625872890710038e-03 2.424646472424171492e+07
9.223673468649055268e-03 1.751089713434433937e+07
1.161191792258844079e-02 1.279186893924009055e+07
1.461853889500035024e-02 9.253206907070906833e+06
1.840365168757140263e-02 6.609445590507732704e+06
2.316882532225393934e-02 4.853056703182450496e+06
2.916782101657890494e-02 3.509169702733607963e+06
3.672011310029244663e-02 2.447358164260917343e+06
4.622787897196215662e-02 1.702739784619924147e+06
5.819744769430071352e-02 1.197996515687114559e+06
7.326624982608066772e-02 8.175778927692684811e+05
9.223674879651722058e-02 5.331542436660359381e+05
1.161191933359110584e-01 3.305794572727049817e+05
1.461853889500035197e-01 1.986292584208172630e+05
1.840364887225049428e-01 1.095979971845372056e+05
2.316882250693302892e-01 5.802426695001870394e+04
2.916782101657890425e-01 2.852388474150569891e+04
3.672011029164070073e-01 1.320315138100471995e+04
4.622787969919317508e-01 5.818864408938132328e+03
5.819745123018348343e-01 1.918402535599859448e+03
7.326624982608066494e-01 5.404374912494201908e+02
9.223674526901018966e-01 1.229534089684873948e+02
