1.288724407109128509e-05 1.587341584946981430e+10
2.911131955751030173e-05 7.024352679557816505e+09
3.664897191400202323e-05 5.578674657666750908e+09
4.613834015934894849e-05 4.430329105190868378e+09
5.808474436195819503e-05 3.518166969009539127e+09
7.312434465734162046e-05 2.793612833430414200e+09
9.205807549473766387e-05 2.218079466492250443e+09
1.158942251517869565e-04 1.760917675796773911e+09
1.459022423631587306e-04 1.397781116400724173e+09
1.836800894924116398e-04 1.109332874889228821e+09
2.312394815243643811e-04 8.802122002516623735e+08
2.911131955751030580e-04 6.982169188087608814e+08
3.664898312684566374e-04 5.536549596661907434e+08
4.613833725605413338e-04 4.388281543088139296e+08
5.808473024581974889e-04 3.476214734052527547e+08
7.312434465734161775e-04 2.751778531452330947e+08
9.205807549473768014e-04 2.176393932995245159e+08
1.158942606099119289e-03 1.719417667837241292e+08
1.459022331821344413e-03 1.356514061454684436e+08
1.836800448532623781e-03 1.068355480813774318e+08
2.312394815243644028e-03 8.395942875645406544e+07
2.911131955751030797e-03 6.580446398434293270e+07
3.664898312684566374e-03 5.140324737056712061e+07
4.613833725605413771e-03 3.998805798452947289e+07
5.808473024581974238e-03 3.094973060886386037e+07
7.312434465734162642e-03 2.380506812237899378e+07
9.205807549473766713e-03 1.817082996163651347e+07
1.158942606099119463e-02 1.374296342720284499e+07
1.459022331821344283e-02 1.028002157479230128e+07
1.836800448532623781e-02 7.589784110289239325e+06
2.312394815243643681e-02 5.518541124876824208e+06
2.911132401084981849e-02 3.942495431125722826e+06
3.664898758018517860e-02 2.760981633379476611e+06
4.613833725605413771e-02 1.891277894522819435e+06
5.808472136023776905e-02 1.264821203034349717e+06
7.312433577175964095e-02 8.246401908354406478e+05
9.205808957743373544e-02 5.237163199872111436e+05
1.158942746926079903e-01 3.239290234099489753e+05
1.459022331821344387e-01 1.952318631271884951e+05
1.836800167545850071e-01 1.147887490681619965e+05
2.312394534256869971e-01 6.595141618243246921e+04
2.911132401084982058e-01 3.710365638143357501e+04
3.664898477697368651e-01 2.048623003043841527e+04
4.613833798187653712e-01 1.112688679947655328e+04
5.808472488927166610e-01 5.958555581207439900e+03
7.312433577175964095e-01 3.152758283588907943e+03
9.205808605675935841e-01 1.651439853759149173e+03
