1.291225463748961268e-05 1.945264539415716553e+10
2.916781655459669171e-05 8.607760866174232483e+09
3.672009740370557184e-05 6.836024184174208641e+09
4.622788188089145593e-05 5.428680539715947151e+09
5.819747074066110401e-05 4.310789309565548897e+09
7.326625872890709984e-05 3.422819376175751686e+09
9.223673468649054780e-05 2.717480550591286659e+09
1.161191436989450406e-04 2.157211039099122524e+09
1.461853981488456364e-04 1.712173450742207766e+09
1.840365616014955031e-04 1.358669665746169329e+09
2.316882532225394216e-04 1.077874524853052855e+09
2.916781655459669306e-04 8.548338487358536720e+08
3.672010863831023280e-04 6.776697098339074850e+08
4.622787897196215055e-04 5.369478122180634737e+08
5.819745659712714445e-04 4.251740898277568817e+08
7.326625872890709171e-04 3.363961989252594113e+08
9.223673468649056136e-04 2.658863525142339170e+08
1.161191792258844035e-03 2.098893681210899353e+08
1.461853889500035197e-03 1.654231403478984237e+08
1.840365168757140480e-03 1.301193814433656782e+08
2.316882532225394108e-03 1.020976338232695162e+08
2.916781655459669848e-03 7.986499573664125800e+07
3.672010863831023930e-03 6.223645013225983083e+07
4.622787897196215488e-03 4.827173745398185402e+07
5.819745659712714445e-03 3.722491080304461718e+07
7.326625872890710038e-03 2.850433663715127856e+07
9.223673468649055268e-03 2.164072807176112011e+07
1.161191792258844079e-02 1.626157793057059124e+07
1.461853889500035024e-02 1.207070635607509129e+07
1.840365168757140263e-02 8.831741654775613919e+06
2.316882532225393934e-02 6.354908980150078423e+06
2.916782101657890494e-02 4.486507105626096018e+06
3.672011310029244663e-02 3.100742822762815747e+06
4.622787897196215662e-02 2.093656916758945677e+06
5.819744769430071352e-02 1.378866776599318022e+06
7.326624982608066772e-02 8.847999242180280853e+05
9.223674879651722058e-02 5.529465271738041192e+05
1.161191933359110584e-01 3.366241742480485118e+05
1.461853889500035197e-01 1.998154269907255075e+05
1.840364887225049428e-01 1.158191868489567132e+05
2.316882250693302892e-01 6.568037199543957831e+04
2.916782101657890425e-01 3.652169165172621433e+04
3.672011029164070073e-01 1.995886704846388966e+04
4.622787969919317508e-01 1.074471216573231868e+04
5.819745123018348343e-01 5.710609778722681767e+03
7.326624982608066494e-01 3.002444101462955132e+03
9.223674526901018966e-01 1.564419172184087529e+03
