1.277501251281983657e-05 3.932698344298520660e+10
2.885779686955202201e-05 1.739798265427605820e+10
3.632980582975118411e-05 1.381542766722555161e+10
4.573653370766874810e-05 1.096969798816948509e+10
5.757889987452704297e-05 8.709259371115100861e+09
7.248752431753896974e-05 6.913736562802921295e+09
9.125636636226135102e-05 5.487506261859059334e+09
1.148849333736771147e-04 4.354616640575526237e+09
1.446316187972989016e-04 3.454735170371608734e+09
1.820804687702887723e-04 2.739943413184724808e+09
2.292256787902656424e-04 2.172176492923453808e+09
2.885779686955202133e-04 1.721197063888307810e+09
3.632981694494517204e-04 1.362988362254929066e+09
4.573653082965794506e-04 1.078475056427313089e+09
5.757888588132226149e-04 8.525053915309740305e+08
7.248752431753896974e-04 6.730454415872538090e+08
9.125636636226135915e-04 5.305378428551973701e+08
1.148849685230067747e-03 4.173923901238587499e+08
1.446316096962296923e-03 3.275826262323423028e+08
1.820804245198899031e-03 2.563238299028309882e+08
2.292256787902656641e-03 1.998182313437538743e+08
2.885779686955202566e-03 1.550521410822307765e+08
3.632981694494517421e-03 1.196346198442285061e+08
4.573653082965794398e-03 9.166943304221184552e+07
5.757888588132226149e-03 6.965244523048460484e+07
7.248752431753898058e-03 5.238990871530045569e+07
9.125636636226135481e-03 3.893280436817833036e+07
1.148849685230067703e-02 2.852405606032417342e+07
1.446316096962296793e-02 2.055625220254798979e+07
1.820804245198898857e-02 1.453784252662383579e+07
2.292256787902656121e-02 1.006691273036961630e+07
2.885780128410859319e-02 6.811539161247485317e+06
3.632982135950174607e-02 4.495975287835096009e+06
4.573653082965795091e-02 2.891605564504571725e+06
5.757887707312243919e-02 1.811232582406774629e+06
7.248751550933914267e-02 1.105126889885931741e+06
9.125638032231497832e-02 6.573949562432651874e+05
1.148849824830603938e-01 3.818069328942754655e+05
1.446316096962297071e-01 2.169136006428172404e+05
1.820803966659164108e-01 1.208102732338684145e+05
2.292256509362921024e-01 6.611534580456372350e+04
2.885780128410859735e-01 3.563599088971731544e+04
3.632981858070267189e-01 1.895938222183947801e+04
4.573653154915935937e-01 9.976813218309227523e+03
5.757888057142291904e-01 5.202133154940502209e+03
7.248751550933915100e-01 2.692044916569360339e+03
9.125637683230122255e-01 1.384474193831898447e+03
