1.277501251281983657e-05 1.008604690159601402e+10
2.885779686955202201e-05 0.000000000000000000e+00
3.632980582975118411e-05 0.000000000000000000e+00
4.573653370766874810e-05 0.000000000000000000e+00
5.757889987452704297e-05 1.275802428949426889e+09
7.248752431753896974e-05 1.278832622502763510e+09
9.125636636226135102e-05 1.922805088716802120e+09
1.148849333736771147e-04 8.030716535332746506e+08
1.446316187972989016e-04 6.439789745998238325e+08
1.820804687702887723e-04 9.279216320750201941e+08
2.292256787902656424e-04 9.503452416996195316e+08
2.885779686955202133e-04 9.526020838513345718e+08
3.632981694494517204e-04 7.974107783339738846e+08
4.573653082965794506e-04 7.738503831129994392e+08
5.757888588132226149e-04 7.769667116518741846e+08
7.248752431753896974e-04 7.474892747935645580e+08
9.125636636226135915e-04 6.534396977037512064e+08
1.148849685230067747e-03 5.553866366385736465e+08
1.446316096962296923e-03 4.306423657550847530e+08
1.820804245198899031e-03 3.406468331203891039e+08
2.292256787902656641e-03 2.582133583980929554e+08
2.885779686955202566e-03 1.851257904545987844e+08
3.632981694494517421e-03 1.323449523896367997e+08
4.573653082965794398e-03 9.438508193199811876e+07
5.757888588132226149e-03 6.760971327803601325e+07
7.248752431753898058e-03 4.742516893708047271e+07
9.125636636226135481e-03 3.368926761322994530e+07
1.148849685230067703e-02 2.366148505822695792e+07
1.446316096962296793e-02 1.708460451708799601e+07
1.820804245198898857e-02 1.229185436849360354e+07
2.292256787902656121e-02 8.659631756738644093e+06
2.885780128410859319e-02 6.092199709297109395e+06
3.632982135950174607e-02 4.170128350294172764e+06
4.573653082965795091e-02 2.760009801054829732e+06
5.757887707312243919e-02 1.726471053241620306e+06
7.248751550933914267e-02 1.060113009779773653e+06
9.125638032231497832e-02 6.370227183120473055e+05
1.148849824830603938e-01 3.647580817513816291e+05
1.446316096962297071e-01 2.025296596730231249e+05
1.820803966659164108e-01 1.080285747904865420e+05
2.292256509362921024e-01 5.665932322055088298e+04
2.885780128410859735e-01 3.008987973117560614e+04
3.632981858070267189e-01 1.502569199273551749e+04
4.573653154915935937e-01 6.402496632466110896e+03
5.757888057142291904e-01 1.607833175573239032e+03
7.248751550933915100e-01 1.932103848031298980e+02
9.125637683230122255e-01 1.631159933135557338e+01
