1.288724407109128509e-05 1.008604690159601402e+10
2.911131955751030173e-05 0.000000000000000000e+00
3.664897191400202323e-05 0.000000000000000000e+00
4.613834015934894849e-05 0.000000000000000000e+00
5.808474436195819503e-05 0.000000000000000000e+00
7.312434465734162046e-05 0.000000000000000000e+00
9.205807549473766387e-05 3.204675032881065607e+08
1.158942251517869565e-04 1.606143272490540445e+08
1.459022423631587306e-04 0.000000000000000000e+00
1.836800894924116398e-04 1.613776607942131460e+08
2.312394815243643811e-04 1.617609533294012547e+08
2.911131955751030580e-04 2.229496050919222832e+08
3.664898312684566374e-04 1.676087832469118536e+08
4.613833725605413338e-04 1.629159458096695542e+08
5.808473024581974889e-04 1.301315310695247650e+08
7.312434465734161775e-04 1.560174304580995739e+08
9.205807549473768014e-04 1.297892028215207160e+08
1.158942606099119289e-03 1.241557032895858288e+08
1.459022331821344413e-03 1.198633212620242238e+08
1.836800448532623781e-03 1.077987707655657232e+08
2.312394815243644028e-03 9.110808627958616614e+07
2.911131955751030797e-03 7.703469676513239741e+07
3.664898312684566374e-03 6.288962664786010236e+07
4.613833725605413771e-03 4.806687079139694571e+07
5.808473024581974238e-03 3.629372085213098675e+07
7.312434465734162642e-03 2.703900252213546634e+07
9.205807549473766713e-03 1.972423201106642187e+07
1.158942606099119463e-02 1.414361273947879858e+07
1.459022331821344283e-02 1.016573034878009744e+07
1.836800448532623781e-02 7.211868969293827191e+06
2.312394815243643681e-02 5.078664358775485307e+06
2.911132401084981849e-02 3.574652730462291278e+06
3.664898758018517860e-02 2.490690669426820707e+06
4.613833725605413771e-02 1.733830866121510975e+06
5.808472136023776905e-02 1.171446499009749852e+06
7.312433577175964095e-02 7.550423459713927004e+05
9.205808957743373544e-02 4.946379535997671192e+05
1.158942746926079903e-01 3.184361906172222807e+05
1.459022331821344387e-01 1.909244704898390919e+05
1.836800167545850071e-01 1.147325798571975756e+05
2.312394534256869971e-01 5.945721869682510442e+04
2.911132401084982058e-01 3.246804326677877543e+04
3.664898477697368651e-01 1.575844307584367743e+04
4.613833798187653712e-01 6.386458094883051672e+03
5.808472488927166610e-01 2.628385781270243569e+03
7.312433577175964095e-01 8.001105995334761474e+02
9.205808605675935841e-01 1.260416616296723333e+02
