1.455202762117440652e-05 1.008604679024607849e+10
3.287194498660149316e-05 1.013405876877941132e+10
4.138332687873250322e-05 0.000000000000000000e+00
5.209852183222096354e-05 2.545560471741764545e+09
6.558815305149619614e-05 0.000000000000000000e+00
8.257059258917372592e-05 0.000000000000000000e+00
1.039502172774139894e-04 0.000000000000000000e+00
1.308655700920615588e-04 0.000000000000000000e+00
1.647499917178270855e-04 0.000000000000000000e+00
2.074079511664511319e-04 4.034441462661610544e+07
2.611111403316090864e-04 8.088042223610143363e+07
3.287194498660156363e-04 1.216087052253521085e+08
4.138332687873258454e-04 1.777671307909252346e+08
5.209852183222106383e-04 1.756436725501805842e+08
6.558815305149633167e-04 1.824397447534348071e+08
8.257059258917388584e-04 1.873488531199679673e+08
1.039502172774141872e-03 1.554265321090198159e+08
1.308655700920618352e-03 1.500134830483299196e+08
1.647499917178274487e-03 1.323382025637999177e+08
2.074079511664515818e-03 1.153043370028680563e+08
2.611111403316095959e-03 9.467053422735624015e+07
3.287194498660162868e-03 7.504270518281057477e+07
4.138332687873267669e-03 5.752036446306326985e+07
5.209852183222117225e-03 4.542807217870297283e+07
6.558815305149646828e-03 3.519300950366061181e+07
8.257059258917407232e-03 2.666747873113082722e+07
1.039502172774143911e-02 1.988530256473553553e+07
1.308655700920621084e-02 1.476508509973216243e+07
1.647499917178277609e-02 1.089616733517995477e+07
2.074079511664519981e-02 7.953901343637267128e+06
2.611111403316101684e-02 5.647697903796860948e+06
3.287194498660169634e-02 3.843655943881354760e+06
4.138332687873275822e-02 2.545681182595693972e+06
5.209852183222127980e-02 1.636986300365305506e+06
6.558815305149659491e-02 1.033280027372541954e+06
8.257059258917424927e-02 6.560701069908813806e+05
1.039502172774146027e-01 4.085468115590047673e+05
1.308655700920623721e-01 2.508520966341931780e+05
1.647499917178280870e-01 1.505220672789711680e+05
2.074079511664523867e-01 8.508060119624016806e+04
2.611111403316107027e-01 4.920673898369308154e+04
3.287194498660174213e-01 2.645348084331790960e+04
4.138332687873282900e-01 1.277277658882377182e+04
5.209852183222141164e-01 5.794199654657481915e+03
6.558815305149676700e-01 1.980356637447876665e+03
8.257059258917436306e-01 3.998293080250066396e+02
