1.457602362298445240e-05 1.008604679024607849e+10
3.292615016487166298e-05 0.000000000000000000e+00
4.145156715510765457e-05 0.000000000000000000e+00
5.218443125025750323e-05 2.545560471741764545e+09
6.569630660097484942e-05 0.000000000000000000e+00
8.270674984098813339e-05 0.000000000000000000e+00
1.041216291017231906e-04 6.409341530268898010e+08
1.310813647935664080e-04 0.000000000000000000e+00
1.650216611512820826e-04 8.049769012396635115e+07
2.077499627198353758e-04 1.613776585064644217e+08
2.615417073672917031e-04 1.011005277951267958e+08
3.292615016487173210e-04 1.621449403004694879e+08
4.145156715510773995e-04 1.980833743098880947e+08
5.218443125025760488e-04 1.883714749088893235e+08
6.569630660097497410e-04 1.416140676058130264e+08
8.270674984098829331e-04 1.502627320245476961e+08
1.041216291017233939e-03 1.426078490484821200e+08
1.310813647935666791e-03 1.315428721804948896e+08
1.650216611512824458e-03 1.341896494366511554e+08
2.077499627198357932e-03 1.253097518302687854e+08
2.615417073672922019e-03 1.059533531292923093e+08
3.292615016487180149e-03 8.679821335459454358e+07
4.145156715510783102e-03 6.739405881327916682e+07
5.218443125025770679e-03 5.286619987713231891e+07
6.569630660097511288e-03 4.000278459261477739e+07
8.270674984098846244e-03 2.979038589371757582e+07
1.041216291017236020e-02 2.214427498707877845e+07
1.310813647935669610e-02 1.609288110011817515e+07
1.650216611512827711e-02 1.154610568524084985e+07
2.077499627198362009e-02 8.128511970141259022e+06
2.615417073672927570e-02 5.586087242158510722e+06
3.292615016487186741e-02 3.773761340553084854e+06
4.145156715510790735e-02 2.485839687310589477e+06
5.218443125025781087e-02 1.614424997904259013e+06
6.569630660097523778e-02 1.042070305983389262e+06
8.270674984098864979e-02 6.567760221234562341e+05
1.041216291017238171e-01 3.992125670213978738e+05
1.310813647935672455e-01 2.361608939779324573e+05
1.650216611512831111e-01 1.393893172325169435e+05
2.077499627198366172e-01 7.766324022272232105e+04
2.615417073672932635e-01 4.394095843369510840e+04
3.292615016487191459e-01 2.266857203811917134e+04
4.145156715510797674e-01 1.090795875433997026e+04
5.218443125025794549e-01 4.840276323477001824e+03
6.569630660097540709e-01 1.406868144135955163e+03
8.270674984098875804e-01 3.124518490606737942e+02
