1.457602362298445240e-05 1.883684369133137131e+10
3.292615016487166298e-05 8.334561542440605164e+09
4.145156715510765457e-05 6.618795252795768738e+09
5.218443125025750323e-05 5.255914285348256111e+09
6.569630660097484942e-05 4.173340258317139149e+09
8.270674984098813339e-05 3.313422156354981422e+09
1.041216291017231906e-04 2.630366203587254047e+09
1.310813647935664080e-04 2.087797177793846846e+09
1.650216611512820826e-04 1.656821296763720751e+09
2.077499627198353758e-04 1.314487518368770361e+09
2.615417073672917031e-04 1.042565312835624337e+09
3.292615016487173210e-04 8.265738189139544964e+08
4.145156715510773995e-04 6.550106826264580488e+08
5.218443125025760488e-04 5.187395109221733809e+08
6.569630660097497410e-04 4.105033190865824223e+08
8.270674984098829331e-04 3.245380599478431940e+08
1.041216291017233939e-03 2.562656519762839079e+08
1.310813647935666791e-03 2.020501559994859397e+08
1.650216611512824458e-03 1.590041117271496952e+08
2.077499627198357932e-03 1.248347144663799703e+08
2.615417073672922019e-03 9.772163131942120194e+07
3.292615016487180149e-03 7.621993757680161297e+07
4.145156715510783102e-03 5.918298765259543061e+07
5.218443125025770679e-03 4.570109239502059668e+07
6.569630660097511288e-03 3.505271369634740800e+07
8.270674984098846244e-03 2.666555538583401218e+07
1.041216291017236020e-02 2.008546619256033003e+07
1.310813647935669610e-02 1.495151003171489388e+07
1.650216611512827711e-02 1.097592901541272365e+07
2.077499627198362009e-02 7.928044914858060889e+06
2.615417073672927570e-02 5.621421283479774371e+06
3.292615016487186741e-02 3.903829040860247798e+06
4.145156715510790735e-02 2.649695393419841304e+06
5.218443125025781087e-02 1.754742774843151681e+06
6.569630660097523778e-02 1.132444141370547703e+06
8.270674984098864979e-02 7.117895315996337449e+05
1.041216291017238171e-01 4.357741715444442234e+05
1.310813647935672455e-01 2.600659673273316002e+05
1.650216611512831111e-01 1.515006550702597306e+05
2.077499627198366172e-01 8.630876508409170492e+04
2.615417073672932635e-01 4.818822354472197912e+04
3.292615016487191459e-01 2.642870261467575983e+04
4.145156715510797674e-01 1.427149170920662436e+04
5.218443125025794549e-01 7.604840309021872599e+03
6.569630660097540709e-01 4.007125557237217436e+03
8.270674984098875804e-01 2.091704650602402126e+03
