1.401775152378525489e-05 3.563538106607218933e+10
3.166505513329491829e-05 1.576386243130204582e+10
3.986394257316832810e-05 1.251743814312590790e+10
5.018573031966498779e-05 9.938714104261468887e+09
6.318009120887527934e-05 7.890363853613889694e+09
7.953902234232636541e-05 6.263305266777760506e+09
1.001336964560187089e-04 4.970891534240591049e+09
1.260608550453655072e-04 3.944296901392696857e+09
1.587012138491116203e-04 3.128851443872521877e+09
1.997929909972270834e-04 2.481129691197922230e+09
2.515244734647725279e-04 1.966638056538213253e+09
3.166505513329498605e-04 1.557977918680594921e+09
3.986394257316840670e-04 1.233386531824463606e+09
5.018573031966508131e-04 9.755780585786403418e+08
6.318009120887539860e-04 7.708230027281248569e+08
7.953902234232651178e-04 6.082170118114027977e+08
1.001336964560188905e-03 4.791001009838435650e+08
1.260608550453657566e-03 3.765953555472756624e+08
1.587012138491119672e-03 2.952425258589048982e+08
1.997929909972274900e-03 2.307069733098688722e+08
2.515244734647730050e-03 1.795484284391787350e+08
3.166505513329505219e-03 1.390371961307569444e+08
3.986394257316849127e-03 1.070079599069500864e+08
5.018573031966518105e-03 8.174333706566870213e+07
6.318009120887552871e-03 6.188093457697127759e+07
7.953902234232668525e-03 4.633895052478867769e+07
1.001336964560191160e-02 3.425644068921136856e+07
1.260608550453660298e-02 2.494528932249032333e+07
1.587012138491122534e-02 1.785172272700479254e+07
1.997929909972278803e-02 1.252587576049964875e+07
2.515244734647735514e-02 8.598408069551831111e+06
3.166505513329511551e-02 5.763387570200695656e+06
3.986394257316856760e-02 3.766572658860799856e+06
5.018573031966528514e-02 2.397910100877055898e+06
6.318009120887566055e-02 1.486742737924766261e+06
7.953902234232684831e-02 8.981584967574945185e+05
1.001336964560193138e-01 5.292508646534028230e+05
1.260608550453662935e-01 3.046994889232456917e+05
1.587012138491125934e-01 1.717365969839090249e+05
1.997929909972282758e-01 9.497604799521934183e+04
2.515244734647740232e-01 5.165815208380862896e+04
3.166505513329516130e-01 2.769686428541670102e+04
3.986394257316863698e-01 1.466975835020645718e+04
5.018573031966542253e-01 7.690677539177655490e+03
6.318009120887582153e-01 3.997666916185976788e+03
7.953902234232697044e-01 2.063476671078053641e+03
