1.455202762117440652e-05 1.968516122266931534e+10
3.287194498660149316e-05 8.709788759626893997e+09
4.138332687873250322e-05 6.916733375148485184e+09
5.209852183222096354e-05 5.492459562555354118e+09
6.558815305149619614e-05 4.361119547127696037e+09
8.257059258917372592e-05 3.462465346707400322e+09
1.039502172774139894e-04 2.748640346762952805e+09
1.308655700920615588e-04 2.181630760855547428e+09
1.647499917178270855e-04 1.731241257419265270e+09
2.074079511664511319e-04 1.373486947499216080e+09
2.611111403316090864e-04 1.089316100773766518e+09
3.287194498660156363e-04 8.635955695850574970e+08
4.138332687873258454e-04 6.843048907232824564e+08
5.209852183222106383e-04 5.418961473482290506e+08
6.558815305149633167e-04 4.287855004365128875e+08
8.257059258917388584e-04 3.389493105290419459e+08
1.039502172774141872e-03 2.676033396236208677e+08
1.308655700920618352e-03 2.109479462788373232e+08
1.647499917178274487e-03 1.659656997846014798e+08
2.074079511664515818e-03 1.302606285265984833e+08
2.611111403316095959e-03 1.019305318268403113e+08
3.287194498660162868e-03 7.946554145048217475e+07
4.138332687873267669e-03 6.166751240589857846e+07
5.209852183222117225e-03 4.758592757927659899e+07
6.558815305149646828e-03 3.646687764861253649e+07
8.257059258917407232e-03 2.771237636799063534e+07
1.039502172774143911e-02 2.084783359265599027e+07
1.308655700920621084e-02 1.549597004720197804e+07
1.647499917178277609e-02 1.135584803735025413e+07
2.074079511664519981e-02 8.186030632092745043e+06
2.611111403316101684e-02 5.791172674091424793e+06
3.287194498660169634e-02 4.011575104806576390e+06
4.138332687873275822e-02 2.715368764022986870e+06
5.209852183222127980e-02 1.793008296797294170e+06
6.558815305149659491e-02 1.153660104869178962e+06
8.257059258917424927e-02 7.229272806677714689e+05
1.039502172774146027e-01 4.412762808194743120e+05
1.308655700920623721e-01 2.626000782173277112e+05
1.647499917178280870e-01 1.525705603979432490e+05
2.074079511664523867e-01 8.670773338939226232e+04
2.611111403316107027e-01 4.830626262077045976e+04
3.287194498660174213e-01 2.644322641993086654e+04
4.138332687873282900e-01 1.425600880746582152e+04
5.209852183222141164e-01 7.586046595723983955e+03
6.558815305149676700e-01 3.992566191409580824e+03
8.257059258917436306e-01 2.082087517251811278e+03
