1.401775152378525489e-05 1.008604679024607849e+10
3.166505513329491829e-05 0.000000000000000000e+00
3.986394257316832810e-05 0.000000000000000000e+00
5.018573031966498779e-05 0.000000000000000000e+00
6.318009120887527934e-05 1.275802410863188267e+09
7.953902234232636541e-05 1.278831761911051512e+09
1.001336964560187089e-04 6.409341530268898010e+08
1.260608550453655072e-04 8.030700377319644690e+08
1.587012138491116203e-04 6.439815209917308092e+08
1.997929909972270834e-04 4.841329755193932652e+08
2.515244734647725279e-04 9.705650668332171440e+08
3.166505513329498605e-04 6.080435261267606020e+08
3.986394257316840670e-04 6.907522796447379589e+08
5.018573031966508131e-04 5.447499409527339935e+08
6.318009120887539860e-04 5.166999763995881677e+08
7.953902234232651178e-04 5.332728447169054747e+08
1.001336964560188905e-03 4.733298720103552341e+08
1.260608550453657566e-03 3.859554601339794993e+08
1.587012138491119672e-03 3.154704475958223343e+08
1.997929909972274900e-03 2.417437324426820874e+08
2.515244734647730050e-03 1.865506938875669837e+08
3.166505513329505219e-03 1.413903879420085251e+08
3.986394257316849127e-03 1.036230000684694648e+08
5.018573031966518105e-03 7.885382673314367235e+07
6.318009120887552871e-03 5.761906428181345761e+07
7.953902234232668525e-03 4.245913274308925122e+07
1.001336964560191160e-02 3.084976312056640908e+07
1.260608550453660298e-02 2.182680116952432320e+07
1.587012138491122534e-02 1.551005344001527689e+07
1.997929909972278803e-02 1.064725411969549768e+07
2.515244734647735514e-02 7.365921593780577183e+06
3.166505513329511551e-02 5.044866197862294503e+06
3.986394257316856760e-02 3.281885978053222410e+06
5.018573031966528514e-02 2.087619233996326802e+06
6.318009120887566055e-02 1.338495341332980199e+06
7.953902234232684831e-02 8.373112596159598324e+05
1.001336964560193138e-01 5.051416772946090787e+05
1.260608550453662935e-01 2.839612287638135604e+05
1.587012138491125934e-01 1.564889585594100645e+05
1.997929909972282758e-01 8.389036027592576283e+04
2.515244734647740232e-01 4.423441282567324379e+04
3.166505513329516130e-01 2.330924723348139378e+04
3.986394257316863698e-01 1.132613307375165095e+04
5.018573031966542253e-01 4.697195460481345435e+03
6.318009120887582153e-01 1.045605554463888438e+03
7.953902234232697044e-01 1.368573780803134241e+02
