1.000000000000000021e-08 3.183400000000000000e+04
1.258925411794166101e-08 3.183400000000000000e+04
1.584893192461110970e-08 3.183400000000000000e+04
1.995262314968874670e-08 3.183400000000000000e+04
2.511886431509571817e-08 3.183400000000000000e+04
3.162277660168366618e-08 3.183400000000000000e+04
3.981071705534953078e-08 3.183400000000000000e+04
5.011872336272693868e-08 3.183400000000000000e+04
6.309573444801891257e-08 3.183400000000000000e+04
7.943282347242757106e-08 3.183400000000000000e+04
9.999999999999918815e-08 3.183400000000000000e+04
1.258925411794155844e-07 3.109800000000000000e+04
1.584893192461097934e-07 2.959600000000000000e+04
1.995262314968858325e-07 2.768800000000000000e+04
2.511886431509551568e-07 2.575100000000000000e+04
3.162277660168340545e-07 2.344100000000000000e+04
3.981071705534920520e-07 2.101900000000000000e+04
5.011872336272652973e-07 1.819500000000000000e+04
6.309573444801839641e-07 1.530200000000000000e+04
7.943282347242691726e-07 1.262900000000000000e+04
9.999999999999836494e-07 1.033500000000000000e+04
1.258925411794145574e-06 8.402000000000000000e+03
1.584893192461084858e-06 6.871000000000000000e+03
1.995262314968841861e-06 5.537000000000000000e+03
2.511886431509530604e-06 4.519000000000000000e+03
3.162277660168314817e-06 3.674000000000000000e+03
3.981071705534887804e-06 2.960000000000000000e+03
5.011872336272612315e-06 2.402000000000000000e+03
6.309573444801788184e-06 1.965000000000000000e+03
7.943282347242626928e-06 1.570000000000000000e+03
9.999999999999755178e-06 1.264000000000000000e+03
1.258925411794135282e-05 1.032000000000000000e+03
1.584893192461072110e-05 8.080000000000000000e+02
1.995262314968825767e-05 6.470000000000000000e+02
2.511886431509510360e-05 5.100000000000000000e+02
3.162277660168288728e-05 4.210000000000000000e+02
3.981071705534854939e-05 3.460000000000000000e+02
5.011872336272571319e-05 2.710000000000000000e+02
6.309573444801736854e-05 2.070000000000000000e+02
7.943282347242561876e-05 1.640000000000000000e+02
9.999999999999672508e-05 1.350000000000000000e+02
1.258925411794124881e-04 9.700000000000000000e+01
1.584893192461058896e-04 7.600000000000000000e+01
1.995262314968809369e-04 6.200000000000000000e+01
2.511886431509489557e-04 4.900000000000000000e+01
3.162277660168262843e-04 4.100000000000000000e+01
3.981071705534822819e-04 3.400000000000000000e+01
5.011872336272530119e-04 3.100000000000000000e+01
6.309573444801684812e-04 2.600000000000000000e+01
7.943282347242496553e-04 2.200000000000000000e+01
9.999999999999590380e-04 2.000000000000000000e+01
1.258925411794114581e-03 1.600000000000000000e+01
1.584893192461045994e-03 1.500000000000000000e+01
1.995262314968793051e-03 1.200000000000000000e+01
2.511886431509469282e-03 7.000000000000000000e+00
3.162277660168237147e-03 5.000000000000000000e+00
3.981071705534790402e-03 3.000000000000000000e+00
5.011872336272488702e-03 3.000000000000000000e+00
6.309573444801632770e-03 2.000000000000000000e+00
7.943282347242432151e-03 1.000000000000000000e+00
9.999999999999509281e-03 1.000000000000000000e+00
1.258925411794104346e-02 1.000000000000000000e+00
1.584893192461032940e-02 1.000000000000000000e+00
1.995262314968776832e-02 0.000000000000000000e+00
2.511886431509448639e-02 0.000000000000000000e+00
3.162277660168211213e-02 0.000000000000000000e+00
3.981071705534757615e-02 0.000000000000000000e+00
5.011872336272447936e-02 0.000000000000000000e+00
6.309573444801581943e-02 0.000000000000000000e+00
7.943282347242366925e-02 0.000000000000000000e+00
