1.000000000000000021e-08 1.877600000000000000e+04
1.258925411794166101e-08 1.877600000000000000e+04
1.584893192461110970e-08 1.877600000000000000e+04
1.995262314968874670e-08 1.877600000000000000e+04
2.511886431509571817e-08 1.877600000000000000e+04
3.162277660168366618e-08 1.877600000000000000e+04
3.981071705534953078e-08 1.877300000000000000e+04
5.011872336272693868e-08 1.877300000000000000e+04
6.309573444801891257e-08 1.877300000000000000e+04
7.943282347242757106e-08 1.877100000000000000e+04
9.999999999999918815e-08 1.877100000000000000e+04
1.258925411794155844e-07 1.876600000000000000e+04
1.584893192461097934e-07 1.876300000000000000e+04
1.995262314968858325e-07 1.875700000000000000e+04
2.511886431509551568e-07 1.875300000000000000e+04
3.162277660168340545e-07 1.874200000000000000e+04
3.981071705534920520e-07 1.873200000000000000e+04
5.011872336272652973e-07 1.872700000000000000e+04
6.309573444801839641e-07 1.871500000000000000e+04
7.943282347242691726e-07 1.764100000000000000e+04
9.999999999999836494e-07 1.536400000000000000e+04
1.258925411794145574e-06 1.291000000000000000e+04
1.584893192461084858e-06 1.072100000000000000e+04
1.995262314968841861e-06 8.900000000000000000e+03
2.511886431509530604e-06 7.384000000000000000e+03
3.162277660168314817e-06 5.997000000000000000e+03
3.981071705534887804e-06 4.981000000000000000e+03
5.011872336272612315e-06 4.047000000000000000e+03
6.309573444801788184e-06 3.289000000000000000e+03
7.943282347242626928e-06 2.665000000000000000e+03
9.999999999999755178e-06 2.141000000000000000e+03
1.258925411794135282e-05 1.722000000000000000e+03
1.584893192461072110e-05 1.398000000000000000e+03
1.995262314968825767e-05 1.139000000000000000e+03
2.511886431509510360e-05 8.970000000000000000e+02
3.162277660168288728e-05 7.440000000000000000e+02
3.981071705534854939e-05 6.040000000000000000e+02
5.011872336272571319e-05 4.690000000000000000e+02
6.309573444801736854e-05 3.750000000000000000e+02
7.943282347242561876e-05 3.070000000000000000e+02
9.999999999999672508e-05 2.460000000000000000e+02
1.258925411794124881e-04 2.000000000000000000e+02
1.584893192461058896e-04 1.550000000000000000e+02
1.995262314968809369e-04 1.280000000000000000e+02
2.511886431509489557e-04 1.010000000000000000e+02
3.162277660168262843e-04 8.500000000000000000e+01
3.981071705534822819e-04 6.600000000000000000e+01
5.011872336272530119e-04 5.900000000000000000e+01
6.309573444801684812e-04 4.500000000000000000e+01
7.943282347242496553e-04 3.700000000000000000e+01
9.999999999999590380e-04 3.000000000000000000e+01
1.258925411794114581e-03 2.200000000000000000e+01
1.584893192461045994e-03 1.700000000000000000e+01
1.995262314968793051e-03 1.400000000000000000e+01
2.511886431509469282e-03 1.200000000000000000e+01
3.162277660168237147e-03 1.000000000000000000e+01
3.981071705534790402e-03 6.000000000000000000e+00
5.011872336272488702e-03 4.000000000000000000e+00
6.309573444801632770e-03 1.000000000000000000e+00
7.943282347242432151e-03 1.000000000000000000e+00
9.999999999999509281e-03 1.000000000000000000e+00
1.258925411794104346e-02 1.000000000000000000e+00
1.584893192461032940e-02 1.000000000000000000e+00
1.995262314968776832e-02 0.000000000000000000e+00
2.511886431509448639e-02 0.000000000000000000e+00
3.162277660168211213e-02 0.000000000000000000e+00
3.981071705534757615e-02 0.000000000000000000e+00
5.011872336272447936e-02 0.000000000000000000e+00
6.309573444801581943e-02 0.000000000000000000e+00
7.943282347242366925e-02 0.000000000000000000e+00
