1.129462705897083641e+00 nan
1.421909302127640551e+00 1.500242829322814941e+00
1.790077753714996778e+00 1.985600292682647705e-01
2.253574373239230155e+00 3.279366493225097656e-01
2.837082045838979827e+00 2.357838153839111328e-01
3.571674682851676330e+00 2.264092415571212769e-01
4.496472020903848232e+00 2.653992474079132080e-01
5.660722890537329022e+00 2.893632948398590088e-01
7.126427896022374142e+00 3.262922167778015137e-01
8.971641173621407006e+00 3.723314404487609863e-01
1.129462705897083730e+01 4.432941675186157227e-01
1.421909302127640728e+01 5.209864377975463867e-01
1.790077753714997044e+01 6.315893530845642090e-01
2.253574373239230511e+01 8.199764490127563477e-01
2.837082045838980093e+01 1.073022246360778809e+00
3.571674682851676152e+01 1.194235324859619141e+00
4.496472020903848943e+01 1.627902984619140625e+00
5.660722890537329022e+01 2.568013191223144531e+00
7.126427896022374853e+01 4.208215236663818359e+00
8.971641173621408427e+01 nan
