1.129462705897083641e+00 nan
1.421909302127640551e+00 3.481160700321197510e-01
1.790077753714996778e+00 1.075366139411926270e+00
2.253574373239230155e+00 7.489291429519653320e-01
2.837082045838979827e+00 7.287138104438781738e-01
3.571674682851676330e+00 7.612102031707763672e-01
4.496472020903848232e+00 8.405836820602416992e-01
5.660722890537329022e+00 8.768954277038574219e-01
7.126427896022374142e+00 9.799902439117431641e-01
8.971641173621407006e+00 1.132396459579467773e+00
1.129462705897083730e+01 1.382810831069946289e+00
1.421909302127640728e+01 1.796312451362609863e+00
1.790077753714997044e+01 1.911231279373168945e+00
2.253574373239230511e+01 2.790086507797241211e+00
2.837082045838980093e+01 4.883708477020263672e+00
3.571674682851676152e+01 4.370144367218017578e+00
4.496472020903848943e+01 6.237906455993652344e+00
5.660722890537329022e+01 nan
7.126427896022374853e+01 7.519030094146728516e+00
8.971641173621408427e+01 nan
