1.129462705897083641e+00 nan
1.421909302127640551e+00 3.481160700321197510e-01
1.790077753714996778e+00 3.176428079605102539e-01
2.253574373239230155e+00 3.317787051200866699e-01
2.837082045838979827e+00 3.254491090774536133e-01
3.571674682851676330e+00 3.838035762310028076e-01
4.496472020903848232e+00 4.356898367404937744e-01
5.660722890537329022e+00 4.927668869495391846e-01
7.126427896022374142e+00 5.821315646171569824e-01
8.971641173621407006e+00 6.712434291839599609e-01
1.129462705897083730e+01 7.821676135063171387e-01
1.421909302127640728e+01 9.093884229660034180e-01
1.790077753714997044e+01 9.914538860321044922e-01
2.253574373239230511e+01 1.509621858596801758e+00
2.837082045838980093e+01 2.013833761215209961e+00
3.571674682851676152e+01 4.370144367218017578e+00
4.496472020903848943e+01 5.319759368896484375e+00
5.660722890537329022e+01 nan
7.126427896022374853e+01 7.519030094146728516e+00
8.971641173621408427e+01 nan
