1.129462705897083641e+00 nan
1.421909302127640551e+00 1.500242829322814941e+00
1.790077753714996778e+00 4.695152640342712402e-01
2.253574373239230155e+00 4.691326022148132324e-01
2.837082045838979827e+00 3.438144326210021973e-01
3.571674682851676330e+00 3.134327530860900879e-01
4.496472020903848232e+00 3.402106165885925293e-01
5.660722890537329022e+00 3.618433475494384766e-01
7.126427896022374142e+00 3.976175785064697266e-01
8.971641173621407006e+00 4.519491791725158691e-01
1.129462705897083730e+01 5.366918444633483887e-01
1.421909302127640728e+01 6.149284243583679199e-01
1.790077753714997044e+01 7.657327055931091309e-01
2.253574373239230511e+01 9.734107255935668945e-01
2.837082045838980093e+01 1.391196012496948242e+00
3.571674682851676152e+01 1.438833355903625488e+00
4.496472020903848943e+01 1.957731604576110840e+00
5.660722890537329022e+01 2.568013191223144531e+00
7.126427896022374853e+01 4.208215236663818359e+00
8.971641173621408427e+01 nan
