1.129462705897083641e+00 nan
1.421909302127640551e+00 1.500242829322814941e+00
1.790077753714996778e+00 8.471543192863464355e-01
2.253574373239230155e+00 6.283259987831115723e-01
2.837082045838979827e+00 4.540117084980010986e-01
3.571674682851676330e+00 4.124266505241394043e-01
4.496472020903848232e+00 4.331798255443572998e-01
5.660722890537329022e+00 4.461719989776611328e-01
7.126427896022374142e+00 4.860521852970123291e-01
8.971641173621407006e+00 5.522702336311340332e-01
1.129462705897083730e+01 6.497479677200317383e-01
1.421909302127640728e+01 7.758226394653320312e-01
1.790077753714997044e+01 9.598600864410400391e-01
2.253574373239230511e+01 1.293835401535034180e+00
2.837082045838980093e+01 1.803352355957031250e+00
3.571674682851676152e+01 1.770816206932067871e+00
4.496472020903848943e+01 2.539308309555053711e+00
5.660722890537329022e+01 2.568013191223144531e+00
7.126427896022374853e+01 4.208215236663818359e+00
8.971641173621408427e+01 nan
