1.129462705897083641e+00 nan
1.421909302127640551e+00 nan
1.790077753714996778e+00 9.914888739585876465e-01
2.253574373239230155e+00 6.625175476074218750e-01
2.837082045838979827e+00 5.150978565216064453e-01
3.571674682851676330e+00 4.798790812492370605e-01
4.496472020903848232e+00 5.219895839691162109e-01
5.660722890537329022e+00 5.467551946640014648e-01
7.126427896022374142e+00 6.136634349822998047e-01
8.971641173621407006e+00 7.346331477165222168e-01
1.129462705897083730e+01 8.918004631996154785e-01
1.421909302127640728e+01 1.072129487991333008e+00
1.790077753714997044e+01 1.329488396644592285e+00
2.253574373239230511e+01 1.931972742080688477e+00
2.837082045838980093e+01 2.604442358016967773e+00
3.571674682851676152e+01 3.481063365936279297e+00
4.496472020903848943e+01 4.775078773498535156e+00
5.660722890537329022e+01 nan
7.126427896022374853e+01 5.435984134674072266e+00
8.971641173621408427e+01 nan
