1.129462705897083641e+00 nan
1.421909302127640551e+00 3.481160700321197510e-01
1.790077753714996778e+00 6.162800192832946777e-01
2.253574373239230155e+00 5.408992767333984375e-01
2.837082045838979827e+00 4.973170757293701172e-01
3.571674682851676330e+00 5.482927560806274414e-01
4.496472020903848232e+00 5.961969494819641113e-01
5.660722890537329022e+00 6.522378921508789062e-01
7.126427896022374142e+00 7.313371896743774414e-01
8.971641173621407006e+00 8.455851674079895020e-01
1.129462705897083730e+01 1.023170471191406250e+00
1.421909302127640728e+01 1.252320647239685059e+00
1.790077753714997044e+01 1.344449877738952637e+00
2.253574373239230511e+01 2.227537393569946289e+00
2.837082045838980093e+01 3.399006366729736328e+00
3.571674682851676152e+01 4.370144367218017578e+00
4.496472020903848943e+01 5.778833389282226562e+00
5.660722890537329022e+01 nan
7.126427896022374853e+01 7.519030094146728516e+00
8.971641173621408427e+01 nan
