1.129462705897083641e+00 nan
1.421909302127640551e+00 nan
1.790077753714996778e+00 7.870326042175292969e-01
2.253574373239230155e+00 4.699392020702362061e-01
2.837082045838979827e+00 3.827803134918212891e-01
3.571674682851676330e+00 3.589981198310852051e-01
4.496472020903848232e+00 4.016503691673278809e-01
5.660722890537329022e+00 4.323633611202239990e-01
7.126427896022374142e+00 4.966998100280761719e-01
8.971641173621407006e+00 5.702344775199890137e-01
1.129462705897083730e+01 7.053550481796264648e-01
1.421909302127640728e+01 8.221860527992248535e-01
1.790077753714997044e+01 1.014431715011596680e+00
2.253574373239230511e+01 1.404407262802124023e+00
2.837082045838980093e+01 1.983947396278381348e+00
3.571674682851676152e+01 2.701113700866699219e+00
4.496472020903848943e+01 4.671433448791503906e+00
5.660722890537329022e+01 nan
7.126427896022374853e+01 5.435984134674072266e+00
8.971641173621408427e+01 nan
