1.129462705897083641e+00 nan
1.421909302127640551e+00 nan
1.790077753714996778e+00 1.303584337234497070e+00
2.253574373239230155e+00 8.163741827011108398e-01
2.837082045838979827e+00 7.151342630386352539e-01
3.571674682851676330e+00 7.400603890419006348e-01
4.496472020903848232e+00 7.889049649238586426e-01
5.660722890537329022e+00 8.688424229621887207e-01
7.126427896022374142e+00 9.552587270736694336e-01
8.971641173621407006e+00 1.250505089759826660e+00
1.129462705897083730e+01 1.377963304519653320e+00
1.421909302127640728e+01 1.599729537963867188e+00
1.790077753714997044e+01 2.100329637527465820e+00
2.253574373239230511e+01 2.696149826049804688e+00
2.837082045838980093e+01 5.657222270965576172e+00
3.571674682851676152e+01 3.222039937973022461e+00
4.496472020903848943e+01 4.404376506805419922e+00
5.660722890537329022e+01 nan
7.126427896022374853e+01 nan
8.971641173621408427e+01 nan
