1.129462705897083641e+00 nan
1.421909302127640551e+00 nan
1.790077753714996778e+00 5.551663637161254883e-01
2.253574373239230155e+00 4.463427066802978516e-01
2.837082045838979827e+00 3.460778594017028809e-01
3.571674682851676330e+00 3.156837821006774902e-01
4.496472020903848232e+00 3.421309590339660645e-01
5.660722890537329022e+00 3.682160377502441406e-01
7.126427896022374142e+00 4.031020700931549072e-01
8.971641173621407006e+00 4.555367529392242432e-01
1.129462705897083730e+01 5.283043384552001953e-01
1.421909302127640728e+01 6.183048486709594727e-01
1.790077753714997044e+01 7.917239665985107422e-01
2.253574373239230511e+01 1.023286700248718262e+00
2.837082045838980093e+01 1.317758321762084961e+00
3.571674682851676152e+01 1.724068880081176758e+00
4.496472020903848943e+01 3.085816144943237305e+00
5.660722890537329022e+01 4.379084110260009766e+00
7.126427896022374853e+01 5.323479652404785156e+00
8.971641173621408427e+01 nan
