1.129462705897083641e+00 nan
1.421909302127640551e+00 nan
1.790077753714996778e+00 6.786174774169921875e-01
2.253574373239230155e+00 5.588950514793395996e-01
2.837082045838979827e+00 4.621086120605468750e-01
3.571674682851676330e+00 4.219851493835449219e-01
4.496472020903848232e+00 4.354240298271179199e-01
5.660722890537329022e+00 4.548509120941162109e-01
7.126427896022374142e+00 5.002328753471374512e-01
8.971641173621407006e+00 5.530703663825988770e-01
1.129462705897083730e+01 6.646898388862609863e-01
1.421909302127640728e+01 7.868955135345458984e-01
1.790077753714997044e+01 9.517710804939270020e-01
2.253574373239230511e+01 1.250440120697021484e+00
2.837082045838980093e+01 1.656199932098388672e+00
3.571674682851676152e+01 1.910210132598876953e+00
4.496472020903848943e+01 3.643174409866333008e+00
5.660722890537329022e+01 4.759732246398925781e+00
7.126427896022374853e+01 5.323479652404785156e+00
8.971641173621408427e+01 nan
