1.129462705897083641e+00 nan
1.421909302127640551e+00 6.328125596046447754e-01
1.790077753714996778e+00 7.558218836784362793e-01
2.253574373239230155e+00 7.336661815643310547e-01
2.837082045838979827e+00 4.895091056823730469e-01
3.571674682851676330e+00 4.862157404422760010e-01
4.496472020903848232e+00 5.102083683013916016e-01
5.660722890537329022e+00 5.562416911125183105e-01
7.126427896022374142e+00 6.277455091476440430e-01
8.971641173621407006e+00 7.385097146034240723e-01
1.129462705897083730e+01 8.551726341247558594e-01
1.421909302127640728e+01 1.085354089736938477e+00
1.790077753714997044e+01 1.296721458435058594e+00
2.253574373239230511e+01 1.713639140129089355e+00
2.837082045838980093e+01 2.104694366455078125e+00
3.571674682851676152e+01 4.019523143768310547e+00
4.496472020903848943e+01 4.362159729003906250e+00
5.660722890537329022e+01 4.127637386322021484e+00
7.126427896022374853e+01 nan
8.971641173621408427e+01 nan
