1.129462705897083669e-01 nan
1.421909302127640218e-01 nan
1.790077753714996445e-01 nan
2.253574373239229378e-01 nan
2.837082045838978939e-01 nan
3.571674682851674887e-01 nan
4.496472020903846678e-01 nan
5.660722890537326357e-01 nan
7.126427896022371478e-01 9.223997592926025391e-01
8.971641173621403009e-01 6.039311885833740234e-01
1.129462705897082753e+00 3.920427560806274414e-01
1.421909302127639219e+00 3.323732912540435791e-01
1.790077753714995668e+00 3.410235047340393066e-01
2.253574373239228379e+00 3.579595685005187988e-01
2.837082045838977162e+00 3.959908485412597656e-01
3.571674682851672777e+00 4.370145499706268311e-01
4.496472020903844680e+00 5.052003860473632812e-01
5.660722890537322805e+00 6.042436957359313965e-01
7.126427896022365260e+00 7.137959599494934082e-01
8.971641173621396348e+00 9.713807106018066406e-01
1.129462705897082486e+01 1.183358192443847656e+00
1.421909302127638597e+01 1.493950843811035156e+00
1.790077753714993847e+01 2.341715812683105469e+00
2.253574373239226958e+01 2.797802686691284180e+00
2.837082045838976541e+01 3.945640325546264648e+00
3.571674682851672600e+01 4.968181133270263672e+00
4.496472020903841837e+01 nan
5.660722890537319074e+01 nan
7.126427896022364905e+01 nan
8.971641173621392795e+01 nan
