1.129462705897083669e-01 nan
1.421909302127640218e-01 nan
1.790077753714996445e-01 nan
2.253574373239229378e-01 nan
2.837082045838978939e-01 nan
3.571674682851674887e-01 nan
4.496472020903846678e-01 nan
5.660722890537326357e-01 nan
7.126427896022371478e-01 9.884275496006011963e-02
8.971641173621403009e-01 3.931384980678558350e-01
1.129462705897082753e+00 3.374370336532592773e-01
1.421909302127639219e+00 2.332485616207122803e-01
1.790077753714995668e+00 2.155482769012451172e-01
2.253574373239228379e+00 2.271969020366668701e-01
2.837082045838977162e+00 2.370660603046417236e-01
3.571674682851672777e+00 2.585082650184631348e-01
4.496472020903844680e+00 2.864356338977813721e-01
5.660722890537322805e+00 3.329716324806213379e-01
7.126427896022365260e+00 4.054058194160461426e-01
8.971641173621396348e+00 5.044406652450561523e-01
1.129462705897082486e+01 6.788178682327270508e-01
1.421909302127638597e+01 9.569708108901977539e-01
1.790077753714993847e+01 1.251395344734191895e+00
2.253574373239226958e+01 1.656026721000671387e+00
2.837082045838976541e+01 2.197995901107788086e+00
3.571674682851672600e+01 4.528326988220214844e+00
4.496472020903841837e+01 3.843653202056884766e+00
5.660722890537319074e+01 nan
7.126427896022364905e+01 nan
8.971641173621392795e+01 nan
