1.129462705897083641e+00 nan
1.421909302127640551e+00 nan
1.790077753714996778e+00 8.560200333595275879e-01
2.253574373239230155e+00 5.119039416313171387e-01
2.837082045838979827e+00 4.858302474021911621e-01
3.571674682851676330e+00 5.346016287803649902e-01
4.496472020903848232e+00 5.684816837310791016e-01
5.660722890537329022e+00 6.508325338363647461e-01
7.126427896022374142e+00 7.291222810745239258e-01
8.971641173621407006e+00 9.045343995094299316e-01
1.129462705897083730e+01 9.761260747909545898e-01
1.421909302127640728e+01 1.214760303497314453e+00
1.790077753714997044e+01 1.555060863494873047e+00
2.253574373239230511e+01 2.000841140747070312e+00
2.837082045838980093e+01 4.557311058044433594e+00
3.571674682851676152e+01 3.183641672134399414e+00
4.496472020903848943e+01 4.404376506805419922e+00
5.660722890537329022e+01 nan
7.126427896022374853e+01 nan
8.971641173621408427e+01 nan
