1.129462705897083669e-01 nan
1.421909302127640218e-01 nan
1.790077753714996445e-01 nan
2.253574373239229378e-01 nan
2.837082045838978939e-01 nan
3.571674682851674887e-01 nan
4.496472020903846678e-01 nan
5.660722890537326357e-01 nan
7.126427896022371478e-01 nan
8.971641173621403009e-01 4.907349050045013428e-01
1.129462705897082753e+00 3.014177680015563965e-01
1.421909302127639219e+00 2.230942845344543457e-01
1.790077753714995668e+00 1.906854957342147827e-01
2.253574373239228379e+00 1.916514635086059570e-01
2.837082045838977162e+00 2.000529468059539795e-01
3.571674682851672777e+00 2.110926657915115356e-01
4.496472020903844680e+00 2.303045839071273804e-01
5.660722890537322805e+00 2.574918270111083984e-01
7.126427896022365260e+00 2.983841001987457275e-01
8.971641173621396348e+00 3.807682096958160400e-01
1.129462705897082486e+01 4.968241751194000244e-01
1.421909302127638597e+01 6.146117448806762695e-01
1.790077753714993847e+01 7.863733768463134766e-01
2.253574373239226958e+01 1.027776002883911133e+00
2.837082045838976541e+01 1.477189779281616211e+00
3.571674682851672600e+01 1.677049398422241211e+00
4.496472020903841837e+01 2.660459518432617188e+00
5.660722890537319074e+01 5.196316242218017578e+00
7.126427896022364905e+01 5.277207374572753906e+00
8.971641173621392795e+01 nan
