1.129462705897083669e-01 nan
1.421909302127640218e-01 nan
1.790077753714996445e-01 nan
2.253574373239229378e-01 nan
2.837082045838978939e-01 nan
3.571674682851674887e-01 nan
4.496472020903846678e-01 nan
5.660722890537326357e-01 nan
7.126427896022371478e-01 2.380272746086120605e-01
8.971641173621403009e-01 1.135987937450408936e-01
1.129462705897082753e+00 1.539285182952880859e-01
1.421909302127639219e+00 1.545118838548660278e-01
1.790077753714995668e+00 1.705800592899322510e-01
2.253574373239228379e+00 1.984270811080932617e-01
2.837082045838977162e+00 2.249425202608108521e-01
3.571674682851672777e+00 2.589646279811859131e-01
4.496472020903844680e+00 2.976830303668975830e-01
5.660722890537322805e+00 3.348439037799835205e-01
7.126427896022365260e+00 3.904451131820678711e-01
8.971641173621396348e+00 4.810615479946136475e-01
1.129462705897082486e+01 6.494250893592834473e-01
1.421909302127638597e+01 7.991688251495361328e-01
1.790077753714993847e+01 9.264811277389526367e-01
2.253574373239226958e+01 1.757197856903076172e+00
2.837082045838976541e+01 2.008712291717529297e+00
3.571674682851672600e+01 2.989328861236572266e+00
4.496472020903841837e+01 nan
5.660722890537319074e+01 nan
7.126427896022364905e+01 nan
8.971641173621392795e+01 nan
