1.129462705897083641e+00 nan
1.421909302127640551e+00 4.253347516059875488e-01
1.790077753714996778e+00 4.353160262107849121e-01
2.253574373239230155e+00 3.362494707107543945e-01
2.837082045838979827e+00 2.601037025451660156e-01
3.571674682851676330e+00 2.573430836200714111e-01
4.496472020903848232e+00 3.038069307804107666e-01
5.660722890537329022e+00 3.523943126201629639e-01
7.126427896022374142e+00 4.021650552749633789e-01
8.971641173621407006e+00 4.799402356147766113e-01
1.129462705897083730e+01 5.683231949806213379e-01
1.421909302127640728e+01 6.701102256774902344e-01
1.790077753714997044e+01 8.529696464538574219e-01
2.253574373239230511e+01 1.042126059532165527e+00
2.837082045838980093e+01 1.492501497268676758e+00
3.571674682851676152e+01 1.704208612442016602e+00
4.496472020903848943e+01 2.533401489257812500e+00
5.660722890537329022e+01 4.127637386322021484e+00
7.126427896022374853e+01 nan
8.971641173621408427e+01 nan
