1.129462705897083669e-01 nan
1.421909302127640218e-01 nan
1.790077753714996445e-01 nan
2.253574373239229378e-01 nan
2.837082045838978939e-01 nan
3.571674682851674887e-01 nan
4.496472020903846678e-01 nan
5.660722890537326357e-01 nan
7.126427896022371478e-01 nan
8.971641173621403009e-01 2.157829254865646362e-01
1.129462705897082753e+00 1.456710845232009888e-01
1.421909302127639219e+00 1.150442436337471008e-01
1.790077753714995668e+00 1.065462306141853333e-01
2.253574373239228379e+00 1.172195523977279663e-01
2.837082045838977162e+00 1.310569792985916138e-01
3.571674682851672777e+00 1.441170573234558105e-01
4.496472020903844680e+00 1.618073284626007080e-01
5.660722890537322805e+00 1.817579120397567749e-01
7.126427896022365260e+00 2.102398574352264404e-01
8.971641173621396348e+00 2.508418858051300049e-01
1.129462705897082486e+01 3.042166233062744141e-01
1.421909302127638597e+01 3.842445015907287598e-01
1.790077753714993847e+01 4.909611344337463379e-01
2.253574373239226958e+01 6.315552592277526855e-01
2.837082045838976541e+01 9.844624400138854980e-01
3.571674682851672600e+01 1.180994868278503418e+00
4.496472020903841837e+01 1.978673219680786133e+00
5.660722890537319074e+01 4.647655010223388672e+00
7.126427896022364905e+01 5.277207374572753906e+00
8.971641173621392795e+01 nan
