1.129462705897083669e-01 nan
1.421909302127640218e-01 nan
1.790077753714996445e-01 nan
2.253574373239229378e-01 nan
2.837082045838978939e-01 nan
3.571674682851674887e-01 nan
4.496472020903846678e-01 nan
5.660722890537326357e-01 nan
7.126427896022371478e-01 9.884275496006011963e-02
8.971641173621403009e-01 3.236092031002044678e-01
1.129462705897082753e+00 2.414698153734207153e-01
1.421909302127639219e+00 1.744191795587539673e-01
1.790077753714995668e+00 1.632786989212036133e-01
2.253574373239228379e+00 1.775292754173278809e-01
2.837082045838977162e+00 1.906353831291198730e-01
3.571674682851672777e+00 2.102454155683517456e-01
4.496472020903844680e+00 2.355933487415313721e-01
5.660722890537322805e+00 2.732742428779602051e-01
7.126427896022365260e+00 3.184311389923095703e-01
8.971641173621396348e+00 4.033169746398925781e-01
1.129462705897082486e+01 5.049295425415039062e-01
1.421909302127638597e+01 7.025294303894042969e-01
1.790077753714993847e+01 8.453143835067749023e-01
2.253574373239226958e+01 1.297956585884094238e+00
2.837082045838976541e+01 1.655510187149047852e+00
3.571674682851672600e+01 3.825081348419189453e+00
4.496472020903841837e+01 3.514797449111938477e+00
5.660722890537319074e+01 nan
7.126427896022364905e+01 nan
8.971641173621392795e+01 nan
