1.129462705897083641e+00 nan
1.421909302127640551e+00 5.290736556053161621e-01
1.790077753714996778e+00 6.505860090255737305e-01
2.253574373239230155e+00 4.851400256156921387e-01
2.837082045838979827e+00 3.701261878013610840e-01
3.571674682851676330e+00 3.630273640155792236e-01
4.496472020903848232e+00 4.028174579143524170e-01
5.660722890537329022e+00 4.394000470638275146e-01
7.126427896022374142e+00 5.000384449958801270e-01
8.971641173621407006e+00 5.841017365455627441e-01
1.129462705897083730e+01 6.808608770370483398e-01
1.421909302127640728e+01 8.659808039665222168e-01
1.790077753714997044e+01 1.034037828445434570e+00
2.253574373239230511e+01 1.370189547538757324e+00
2.837082045838980093e+01 2.045127391815185547e+00
3.571674682851676152e+01 2.861865997314453125e+00
4.496472020903848943e+01 3.757400751113891602e+00
5.660722890537329022e+01 4.127637386322021484e+00
7.126427896022374853e+01 nan
8.971641173621408427e+01 nan
