1.129462705897083669e-01 nan
1.421909302127640218e-01 nan
1.790077753714996445e-01 nan
2.253574373239229378e-01 nan
2.837082045838978939e-01 nan
3.571674682851674887e-01 nan
4.496472020903846678e-01 nan
5.660722890537326357e-01 nan
7.126427896022371478e-01 7.580398321151733398e-01
8.971641173621403009e-01 2.899445891380310059e-01
1.129462705897082753e+00 2.640135586261749268e-01
1.421909302127639219e+00 2.293318510055541992e-01
1.790077753714995668e+00 2.421417236328125000e-01
2.253574373239228379e+00 2.691904902458190918e-01
2.837082045838977162e+00 2.958452701568603516e-01
3.571674682851672777e+00 3.303825557231903076e-01
4.496472020903844680e+00 3.787282407283782959e-01
5.660722890537322805e+00 4.319737553596496582e-01
7.126427896022365260e+00 5.266633033752441406e-01
8.971641173621396348e+00 6.862792968750000000e-01
1.129462705897082486e+01 8.824840188026428223e-01
1.421909302127638597e+01 1.047919034957885742e+00
1.790077753714993847e+01 1.384315729141235352e+00
2.253574373239226958e+01 2.277500391006469727e+00
2.837082045838976541e+01 3.369927406311035156e+00
3.571674682851672600e+01 3.192222118377685547e+00
4.496472020903841837e+01 nan
5.660722890537319074e+01 nan
7.126427896022364905e+01 nan
8.971641173621392795e+01 nan
