1.129462705897083641e+00 nan
1.421909302127640551e+00 nan
1.790077753714996778e+00 3.778528571128845215e-01
2.253574373239230155e+00 3.142219185829162598e-01
2.837082045838979827e+00 3.356893360614776611e-01
3.571674682851676330e+00 3.670058250427246094e-01
4.496472020903848232e+00 4.232374131679534912e-01
5.660722890537329022e+00 5.035418868064880371e-01
7.126427896022374142e+00 5.354713797569274902e-01
8.971641173621407006e+00 7.045864462852478027e-01
1.129462705897083730e+01 7.890555858612060547e-01
1.421909302127640728e+01 9.526748061180114746e-01
1.790077753714997044e+01 1.253363966941833496e+00
2.253574373239230511e+01 1.803426265716552734e+00
2.837082045838980093e+01 2.365421533584594727e+00
3.571674682851676152e+01 2.707874774932861328e+00
4.496472020903848943e+01 4.404376506805419922e+00
5.660722890537329022e+01 nan
7.126427896022374853e+01 nan
8.971641173621408427e+01 nan
