1.129462705897083669e-01 nan
1.421909302127640218e-01 nan
1.790077753714996445e-01 nan
2.253574373239229378e-01 nan
2.837082045838978939e-01 nan
3.571674682851674887e-01 nan
4.496472020903846678e-01 nan
5.660722890537326357e-01 nan
7.126427896022371478e-01 9.884275496006011963e-02
8.971641173621403009e-01 1.343382149934768677e-01
1.129462705897082753e+00 1.394871175289154053e-01
1.421909302127639219e+00 1.167097017168998718e-01
1.790077753714995668e+00 1.185858547687530518e-01
2.253574373239228379e+00 1.367500275373458862e-01
2.837082045838977162e+00 1.527198404073715210e-01
3.571674682851672777e+00 1.717123389244079590e-01
4.496472020903844680e+00 1.945344507694244385e-01
5.660722890537322805e+00 2.238402664661407471e-01
7.126427896022365260e+00 2.650689482688903809e-01
8.971641173621396348e+00 3.183325529098510742e-01
1.129462705897082486e+01 4.057550132274627686e-01
1.421909302127638597e+01 5.191615819931030273e-01
1.790077753714993847e+01 6.708390116691589355e-01
2.253574373239226958e+01 8.967459797859191895e-01
2.837082045838976541e+01 1.281588196754455566e+00
3.571674682851672600e+01 3.121835708618164062e+00
4.496472020903841837e+01 2.376584529876708984e+00
5.660722890537319074e+01 nan
7.126427896022364905e+01 nan
8.971641173621392795e+01 nan
