1.129462705897083669e-01 nan
1.421909302127640218e-01 nan
1.790077753714996445e-01 nan
2.253574373239229378e-01 nan
2.837082045838978939e-01 nan
3.571674682851674887e-01 nan
4.496472020903846678e-01 nan
5.660722890537326357e-01 nan
7.126427896022371478e-01 nan
8.971641173621403009e-01 2.997907698154449463e-01
1.129462705897082753e+00 2.225172817707061768e-01
1.421909302127639219e+00 1.670506596565246582e-01
1.790077753714995668e+00 1.463467925786972046e-01
2.253574373239228379e+00 1.520188450813293457e-01
2.837082045838977162e+00 1.629753112792968750e-01
3.571674682851672777e+00 1.742326468229293823e-01
4.496472020903844680e+00 1.940110325813293457e-01
5.660722890537322805e+00 2.152359783649444580e-01
7.126427896022365260e+00 2.501515150070190430e-01
8.971641173621396348e+00 3.045438528060913086e-01
1.129462705897082486e+01 3.887883424758911133e-01
1.421909302127638597e+01 4.757885932922363281e-01
1.790077753714993847e+01 6.185958385467529297e-01
2.253574373239226958e+01 7.904423475265502930e-01
2.837082045838976541e+01 1.169378638267517090e+00
3.571674682851672600e+01 1.485282301902770996e+00
4.496472020903841837e+01 2.341896772384643555e+00
5.660722890537319074e+01 4.921985626220703125e+00
7.126427896022364905e+01 5.277207374572753906e+00
8.971641173621392795e+01 nan
