1.129462705897083641e+00 nan
1.421909302127640551e+00 nan
1.790077753714996778e+00 4.019771814346313477e-01
2.253574373239230155e+00 3.037181794643402100e-01
2.837082045838979827e+00 2.285027056932449341e-01
3.571674682851676330e+00 2.257053405046463013e-01
4.496472020903848232e+00 2.587057352066040039e-01
5.660722890537329022e+00 2.960637211799621582e-01
7.126427896022374142e+00 3.316479325294494629e-01
8.971641173621407006e+00 3.740960061550140381e-01
1.129462705897083730e+01 4.319203794002532959e-01
1.421909302127640728e+01 5.366203784942626953e-01
1.790077753714997044e+01 6.702064275741577148e-01
2.253574373239230511e+01 8.434526324272155762e-01
2.837082045838980093e+01 1.001804351806640625e+00
3.571674682851676152e+01 1.433654904365539551e+00
4.496472020903848943e+01 2.271401882171630859e+00
5.660722890537329022e+01 3.998435735702514648e+00
7.126427896022374853e+01 5.323479652404785156e+00
8.971641173621408427e+01 nan
